Sample Names	MutationType	SBS96A	SBS96B	SBS96C	SBS96D
PD3851a_non-exome	A[C>A]A	0.002480469450446639	0.3894670155198974	0.05462677613736092	0.5534257388922952
PD3851a_non-exome	A[C>A]C	0.0008538209180712615	0.4255303136364092	0.06701244261881405	0.5066034228267056
PD3851a_non-exome	A[C>A]G	0.003248940062948619	0.33016634335166645	0.06702047038286515	0.5995642462025198
PD3851a_non-exome	A[C>A]T	0.0014627049413578337	0.5512284110826473	0.08040809161157156	0.36690079236442324
PD3851a_non-exome	A[C>G]A	0.008079517010821652	0.6020106569306662	0.1683360349374399	0.22157379112107217
PD3851a_non-exome	A[C>G]C	0.0030899116082220663	0.4038943782926084	0.10475615584778113	0.4882595542513884
PD3851a_non-exome	A[C>G]G	0.001812010488300716	0.6412376788580313	0.157877226669504	0.19907308398416396
PD3851a_non-exome	A[C>G]T	0.00821845483703598	0.4795618686661142	0.2004148992588752	0.31180477723797456
PD3851a_non-exome	A[C>T]A	0.004379455109379879	0.3046320116773852	0.04359235235054596	0.6473961808626889
PD3851a_non-exome	A[C>T]C	0.004329125456613194	0.2381260253736719	0.09452928621572662	0.6630155629539882
PD3851a_non-exome	A[C>T]G	0.0008688373912908147	0.027866446801897142	0.034751562229906344	0.9365131535769057
PD3851a_non-exome	A[C>T]T	0.004733117369403634	0.47019020076438	0.07377744915868815	0.4512992327075282
PD3851a_non-exome	A[T>A]A	0.003444753065701959	0.4139377988187102	0.06705196302009653	0.5155654850954914
PD3851a_non-exome	A[T>A]C	0.002858560259305631	0.28649542239584297	0.07853286001078558	0.6321131573340658
PD3851a_non-exome	A[T>A]G	0.0015134408064672632	0.4304173974172713	0.05424980253358227	0.5138193592426792
PD3851a_non-exome	A[T>A]T	0.0002739484729010456	0.27706485974456946	0.05538457141990387	0.6672766203626257
PD3851a_non-exome	A[T>C]A	0.001128362033048945	0.3207159147923072	0.06583588257288049	0.6123198406017634
PD3851a_non-exome	A[T>C]C	0.0013632242949825717	0.4001271782527724	0.08145180456699747	0.5170577928852476
PD3851a_non-exome	A[T>C]G	0.002303702717267403	0.31039646025789996	0.10182432922159128	0.5854755078032414
PD3851a_non-exome	A[T>C]T	0.0008879523897590733	0.3177040763108758	0.09473514652085925	0.5866728247785059
PD3851a_non-exome	A[T>G]A	0.0009597942974791308	0.30195557038977866	0.05630692329998696	0.6407777120127552
PD3851a_non-exome	A[T>G]C	0.002134687877905408	0.16276779898639657	0.09380790406795202	0.741289609067746
PD3851a_non-exome	A[T>G]G	0.00211028801337463	0.7385242597404428	0.20167792401681697	0.05768752822936559
PD3851a_non-exome	A[T>G]T	0.000864128215805562	0.2900891311338238	0.15380148701564522	0.5552452536347254
PD3851a_non-exome	C[C>A]A	0.002947344648109801	0.4639967630977006	0.09114802960801376	0.4419078626461758
PD3851a_non-exome	C[C>A]C	0.0035132135194851162	0.7289146153954768	0.09567467729882975	0.17189749378620828
PD3851a_non-exome	C[C>A]G	0.002113670112677027	0.36018416756848387	0.07632590065286309	0.561376261665976
PD3851a_non-exome	C[C>A]T	0.001914261269272918	0.5710660146991069	0.05423286936926	0.37278685466236017
PD3851a_non-exome	C[C>G]A	0.014811722728310356	0.6042210590180266	0.17217263994401225	0.20879457830965084
PD3851a_non-exome	C[C>G]C	0.005139260953085053	0.6835458270100271	0.14547908016182284	0.16583583187506504
PD3851a_non-exome	C[C>G]G	0.005414911266650492	0.45905382296342007	0.11766226014887632	0.4178690056210532
PD3851a_non-exome	C[C>G]T	0.011167501369956744	0.5224508029939947	0.14156128450960181	0.3248204111264467
PD3851a_non-exome	C[C>T]A	0.015018779008352353	0.24407448320006297	0.04232779796073993	0.6985789398308447
PD3851a_non-exome	C[C>T]C	0.005284878810053954	0.23295701059834956	0.051577290238103965	0.7101808203534925
PD3851a_non-exome	C[C>T]G	0.004397718495371491	0.03691588565969325	0.0370295698728984	0.9216568259720368
PD3851a_non-exome	C[C>T]T	0.008622941676986434	0.33594178555087384	0.06684325453143468	0.5885920182407051
PD3851a_non-exome	C[T>A]A	0.0024970294137450027	0.7774021522852196	0.13200797710521547	0.08809284119582003
PD3851a_non-exome	C[T>A]C	0.002671953254728864	0.689595346844743	0.10284595380783725	0.2048867460926908
PD3851a_non-exome	C[T>A]G	0.001474568446526858	0.7461729772049353	0.11467788824235527	0.13767456610618262
PD3851a_non-exome	C[T>A]T	0.0007742235752701134	0.6721268129654717	0.09470158737832039	0.23239737608093783
PD3851a_non-exome	C[T>C]A	0.0008002424331642347	0.4050759415096223	0.09813158973270064	0.49599222632451284
PD3851a_non-exome	C[T>C]C	0.001952044160144224	0.5446422249094767	0.06275850811554706	0.390647222814832
PD3851a_non-exome	C[T>C]G	0.004030161974028196	0.30062898977876634	0.1442600759691407	0.5510807722780646
PD3851a_non-exome	C[T>C]T	0.002051250976763774	0.38185079138471995	0.10319864619342714	0.5128993114450892
PD3851a_non-exome	C[T>G]A	0.0007881200865317713	0.423066639574149	0.10817113359090998	0.4679741067484093
PD3851a_non-exome	C[T>G]C	0.0016012009198687661	0.48190859365699334	0.09770936089285745	0.41878084453028036
PD3851a_non-exome	C[T>G]G	0.0026783159730007647	0.4770266243265385	0.17441723786157057	0.3458778218388902
PD3851a_non-exome	C[T>G]T	0.00046358482049218636	0.38963372405668123	0.09852803378281054	0.5113746573400161
PD3851a_non-exome	G[C>A]A	0.002360412648657549	0.30051906972465003	0.038525463154868975	0.6585950544718235
PD3851a_non-exome	G[C>A]C	0.0020319421089257527	0.4812452923294142	0.06051886781951927	0.45620389774214076
PD3851a_non-exome	G[C>A]G	0.00196533064492535	0.1375677446282394	0.04610790515075103	0.8143590195760843
PD3851a_non-exome	G[C>A]T	0.0014038443763215896	0.4083553564923709	0.04878215385038413	0.5414586452809235
PD3851a_non-exome	G[C>G]A	0.005061065300681741	0.4793680287130338	0.11959375593607374	0.3959771500502109
PD3851a_non-exome	G[C>G]C	0.003570527292330797	0.46797146488643443	0.09275078591940762	0.43570722190182715
PD3851a_non-exome	G[C>G]G	0.010063779408086525	0.5640523271081458	0.26424380732086983	0.16164008616289774
PD3851a_non-exome	G[C>G]T	0.007393429229734441	0.5920539749721763	0.16945146363034433	0.231101132167745
PD3851a_non-exome	G[C>T]A	0.0091230483328048	0.2693211720374466	0.04786772616681223	0.6736880534629364
PD3851a_non-exome	G[C>T]C	0.005191568385433745	0.20021016189750457	0.05784644112943889	0.7367518285876229
PD3851a_non-exome	G[C>T]G	0.0020794087776631713	0.05460599016075683	0.03646246879764434	0.9068521322639357
PD3851a_non-exome	G[C>T]T	0.006862354187541598	0.29738450565272645	0.07612105075896612	0.6196320894007658
PD3851a_non-exome	G[T>A]A	0.0031085604911366732	0.7551710984581457	0.1422148938681216	0.09950544718259606
PD3851a_non-exome	G[T>A]C	0.002471780126412825	0.43391168458627377	0.09876180136040472	0.4648547339269086
PD3851a_non-exome	G[T>A]G	0.003997705394052055	0.5795728037662792	0.11235661885505092	0.3040728719846178
PD3851a_non-exome	G[T>A]T	0.0008808037969099398	0.6601631793368954	0.11062658367310296	0.22832943319309165
PD3851a_non-exome	G[T>C]A	0.001601502791212532	0.28552775979617634	0.08935758333931057	0.6235131540733005
PD3851a_non-exome	G[T>C]C	0.0014852094450132712	0.325265656114776	0.08790682925551384	0.5853423051846969
PD3851a_non-exome	G[T>C]G	0.0030361310169787514	0.33802540903411127	0.1169989089266134	0.5419395510222965
PD3851a_non-exome	G[T>C]T	0.0008940835854893519	0.24794716654327836	0.061512045988216475	0.6896467038830159
PD3851a_non-exome	G[T>G]A	0.0031631371400099666	0.563468991057996	0.22475871255734708	0.20860915924464696
PD3851a_non-exome	G[T>G]C	0.0034856157544302466	0.5188894435144555	0.17134987233324195	0.30627506839787233
PD3851a_non-exome	G[T>G]G	0.007403076916834002	0.6718379745818918	0.14240487487408157	0.17835407362719274
PD3851a_non-exome	G[T>G]T	0.0015233745724291523	0.4084904825556251	0.10514133968211166	0.48484480318983414
PD3851a_non-exome	T[C>A]A	0.034400624604808264	0.3105591986136714	0.04064415671883556	0.6143960200626847
PD3851a_non-exome	T[C>A]C	0.016821416218224115	0.2697846687106812	0.08052529196835732	0.6328686231027374
PD3851a_non-exome	T[C>A]G	0.013342884544545153	0.1786962603352013	0.018671146554135626	0.7892897085661179
PD3851a_non-exome	T[C>A]T	0.012839851602744758	0.2624589823349512	0.050622905023596475	0.6740782610387076
PD3851a_non-exome	T[C>G]A	0.469294211917386	1.0292928583713695e-09	0.4396604248753712	0.09104536217794999
PD3851a_non-exome	T[C>G]C	0.07856358990074638	0.21955683778040894	0.19401859290266546	0.5078609794161792
PD3851a_non-exome	T[C>G]G	0.11314543494406587	0.3035819627773814	0.31245660651110735	0.2708159957674454
PD3851a_non-exome	T[C>G]T	0.30341398571008393	0.08173641829769575	0.39296822374286144	0.22188137224935894
PD3851a_non-exome	T[C>T]A	0.24523189814106222	0.27390739203927006	6.637238834717586e-05	0.4807943374313206
PD3851a_non-exome	T[C>T]C	0.05304044507351857	0.19782656783900557	0.017229717235978017	0.7319032698514978
PD3851a_non-exome	T[C>T]G	0.028906036633553206	0.022654846920654458	0.02280908896399413	0.9256300274817982
PD3851a_non-exome	T[C>T]T	0.12918468225473134	0.3022596952290567	0.009211551508500266	0.5593440710077117
PD3851a_non-exome	T[T>A]A	0.0005111865259788051	0.19336438782562362	0.03861791890784519	0.7675065067405523
PD3851a_non-exome	T[T>A]C	0.0010220750808007347	0.576287905537513	0.08777227186024852	0.3349177475214378
PD3851a_non-exome	T[T>A]G	0.0013130954542611927	0.4274689207539944	0.08232725979726566	0.48889072399447875
PD3851a_non-exome	T[T>A]T	0.0006594037866030614	0.5449816115065327	0.08604409111715175	0.3683148935897124
PD3851a_non-exome	T[T>C]A	0.0010946733930276781	0.299411329254987	0.05963340219682054	0.6398605951551648
PD3851a_non-exome	T[T>C]C	0.0023544566177759667	0.3265881897293165	0.06912614539688984	0.6019312082560176
PD3851a_non-exome	T[T>C]G	0.0018770351308022826	0.3743171027945054	0.0751054774318366	0.5487003846428556
PD3851a_non-exome	T[T>C]T	0.0012635361776712677	0.2810816520968248	0.06006027026841583	0.6575945414570882
PD3851a_non-exome	T[T>G]A	0.0014111209777774147	0.4667151337970821	0.11968628252481688	0.41218746270032364
PD3851a_non-exome	T[T>G]C	0.0011193321649735244	0.43172828101348154	0.08072304307323057	0.4864293437483145
PD3851a_non-exome	T[T>G]G	0.0013078516392846255	0.4679432783799797	0.1551903522033185	0.3755585177774171
PD3851a_non-exome	T[T>G]T	0.0016106204875413262	0.3200073156518817	0.10435729125544728	0.5740247726051297
PD3890a_non-exome	A[C>A]A	0.010151194341969852	0.47610463075571496	0.44858513577468506	0.06515903912763023
PD3890a_non-exome	A[C>A]C	0.0030823413298217725	0.45887342393064245	0.4854286844553066	0.05261555028422921
PD3890a_non-exome	A[C>A]G	0.012811096544953708	0.3888891869528017	0.5302835126376608	0.06801620386458372
PD3890a_non-exome	A[C>A]T	0.0043272694463723105	0.4871214644401409	0.47732371574893695	0.031227550364549873
PD3890a_non-exome	A[C>G]A	0.01518536277828649	0.33798109964639744	0.634852616186753	0.011980921388562946
PD3890a_non-exome	A[C>G]C	0.008879433615001797	0.34670130825520123	0.6040526724479085	0.040366585681888625
PD3890a_non-exome	A[C>G]G	0.00351249405235934	0.37129780951730523	0.6140877406564662	0.011101955773869427
PD3890a_non-exome	A[C>G]T	0.014608338796039457	0.25462659745143557	0.7148200285483527	0.015945035204172342
PD3890a_non-exome	A[C>T]A	0.021737232967933565	0.4516564145580748	0.4341607255452841	0.09244562692870754
PD3890a_non-exome	A[C>T]C	0.015231892996029792	0.2502701390122648	0.6673845296291547	0.06711343836255064
PD3890a_non-exome	A[C>T]G	0.008206836264625633	0.07862620699770398	0.6586696413199106	0.2544973154177598
PD3890a_non-exome	A[C>T]T	0.015457244170729847	0.45867685958859605	0.4834643741754258	0.04240152206524831
PD3890a_non-exome	A[T>A]A	0.012459803632294753	0.4472358941261808	0.4866543924461704	0.0536499097953539
PD3890a_non-exome	A[T>A]C	0.010819468837474087	0.3239102857481259	0.5964390238847862	0.06883122152961371
PD3890a_non-exome	A[T>A]G	0.005964961290466947	0.5067344967452665	0.42903863285003496	0.05826190911423157
PD3890a_non-exome	A[T>A]T	0.0012839343864269374	0.38788577890150705	0.5208573464682826	0.08997294024378337
PD3890a_non-exome	A[T>C]A	0.00457474818576043	0.38840758603081477	0.5355961408228911	0.0714215249605336
PD3890a_non-exome	A[T>C]C	0.004556234868120872	0.3994710404082592	0.5462551503546308	0.04971757436898909
PD3890a_non-exome	A[T>C]G	0.007285950496166522	0.2932412113233019	0.646200645636387	0.05327219254414463
PD3890a_non-exome	A[T>C]T	0.0029328513552488514	0.3134524165299621	0.6278668463083917	0.05574788580639737
PD3890a_non-exome	A[T>G]A	0.004312214133672632	0.40524126508150277	0.5076214894502398	0.08282503133458476
PD3890a_non-exome	A[T>G]C	0.008200424690613667	0.18677507299298202	0.7230984683423636	0.08192603397404083
PD3890a_non-exome	A[T>G]G	0.0033546884235696943	0.35069024640836144	0.6433167635315226	0.0026383016365464124
PD3890a_non-exome	A[T>G]T	0.002096863200296184	0.21026734568553712	0.748873554818207	0.03876223629595962
PD3890a_non-exome	C[C>A]A	0.008741770318798458	0.4110852390574128	0.5424650985459123	0.0377078920778765
PD3890a_non-exome	C[C>A]C	0.008401385071613133	0.5206806844200242	0.4590916561953404	0.011826274313022158
PD3890a_non-exome	C[C>A]G	0.007575652093550618	0.38561675654646	0.5489222075196217	0.05788538384036778
PD3890a_non-exome	C[C>A]T	0.00655469600413892	0.5840985399728881	0.37262327043098126	0.03672349359199195
PD3890a_non-exome	C[C>G]A	0.02708885998169217	0.3300878020633931	0.6318374180039565	0.010985919950958168
PD3890a_non-exome	C[C>G]C	0.010156506541023003	0.40351509151236276	0.5768996520901797	0.009428749856434519
PD3890a_non-exome	C[C>G]G	0.013860971789519814	0.3510058924361982	0.604359801594805	0.030773334179477096
PD3890a_non-exome	C[C>G]T	0.02424413162392917	0.33880084363515695	0.6166676435947186	0.020287381146195382
PD3890a_non-exome	C[C>T]A	0.07783451308616615	0.3778404307412447	0.4401688547570735	0.10415620141551563
PD3890a_non-exome	C[C>T]C	0.02658434530575343	0.3500379925853459	0.5206016093734848	0.10277605273541587
PD3890a_non-exome	C[C>T]G	0.037832068781813104	0.09486246814653758	0.6392009034795976	0.22810455959205175
PD3890a_non-exome	C[C>T]T	0.033161142052337965	0.3859104330481321	0.5158075154870357	0.06512090941249436
PD3890a_non-exome	C[T>A]A	0.004972846441696248	0.4624615096303706	0.5275184026545199	0.0050472412734133415
PD3890a_non-exome	C[T>A]C	0.006347839124379422	0.4893728162405908	0.49027563880708747	0.014003705827942234
PD3890a_non-exome	C[T>A]G	0.0032165324688983995	0.48619555440712764	0.5019480118933244	0.008639901230649602
PD3890a_non-exome	C[T>A]T	0.001944031520560876	0.5041230962987464	0.4771448246895123	0.0167880474911804
PD3890a_non-exome	C[T>C]A	0.002403287437609075	0.36338672127247895	0.5913560206270839	0.04285397066282812
PD3890a_non-exome	C[T>C]C	0.006467787290154313	0.5390460423462473	0.41724846686881867	0.0372377034947796
PD3890a_non-exome	C[T>C]G	0.010096754929789424	0.22497726606861354	0.7252062176418569	0.03971976135974016
PD3890a_non-exome	C[T>C]T	0.006069767825945756	0.33751683253113074	0.6127500094995586	0.04366339014336474
PD3890a_non-exome	C[T>G]A	0.002203427413817376	0.353316236923576	0.6068394152810879	0.03764092038151883
PD3890a_non-exome	C[T>G]C	0.00452749890214384	0.40702928497622937	0.5543764123302921	0.03406680379133481
PD3890a_non-exome	C[T>G]G	0.005302514138645236	0.28210520951758805	0.6928918875482369	0.019700388795529846
PD3890a_non-exome	C[T>G]T	0.0014079302379750136	0.3534735584299491	0.6004374800195095	0.0446810313125664
PD3890a_non-exome	G[C>A]A	0.01253006091335743	0.47652506377953685	0.4103639162679422	0.10058095903916345
PD3890a_non-exome	G[C>A]C	0.007248008805085103	0.5127696820228203	0.433165864302023	0.0468164448700717
PD3890a_non-exome	G[C>A]G	0.012360114147554736	0.2584353606066808	0.5818597215842155	0.1473448036615489
PD3890a_non-exome	G[C>A]T	0.005927245686323906	0.5150159540054835	0.4132862746221159	0.06577052568607673
PD3890a_non-exome	G[C>G]A	0.012664728953341434	0.3583203615016613	0.6005076058506644	0.028507303694332756
PD3890a_non-exome	G[C>G]C	0.010439997114505878	0.4087293806057556	0.5441788619413096	0.03665176033842896
PD3890a_non-exome	G[C>G]G	0.014106240596267403	0.2361663604834095	0.7432091444748236	0.006518254445499535
PD3890a_non-exome	G[C>G]T	0.013925914322697193	0.3331099178369734	0.6404410654934656	0.012523102346863864
PD3890a_non-exome	G[C>T]A	0.0445018675158877	0.3924254996068763	0.46852967949505553	0.09454295338218047
PD3890a_non-exome	G[C>T]C	0.02566709369940983	0.29567370072266885	0.5738664169600265	0.10479278861789479
PD3890a_non-exome	G[C>T]G	0.017675258327272646	0.13864833121176817	0.6219106809442024	0.22176572951675672
PD3890a_non-exome	G[C>T]T	0.025772828717588323	0.33362282720383807	0.5736536757278705	0.06695066835070303
PD3890a_non-exome	G[T>A]A	0.006013701007040912	0.43639155002960056	0.5520566409391683	0.0055381080241903476
PD3890a_non-exome	G[T>A]C	0.007193101433258663	0.3771865143707352	0.5767019226207788	0.038918461575227395
PD3890a_non-exome	G[T>A]G	0.009719169208520588	0.42089601942416344	0.5481167408736932	0.021268070493622827
PD3890a_non-exome	G[T>A]T	0.0020645741598317585	0.462222487554923	0.5203156136687095	0.01539732461653567
PD3890a_non-exome	G[T>C]A	0.0056364674705934	0.300176096871069	0.6310543548003356	0.06313308085800207
PD3890a_non-exome	G[T>C]C	0.005088478387677961	0.3328793884732446	0.6043365983174993	0.057695534821578215
PD3890a_non-exome	G[T>C]G	0.008567779267691124	0.28493485031234833	0.6624996003379947	0.04399777008196571
PD3890a_non-exome	G[T>C]T	0.004097022316432631	0.3393890458064544	0.5655961292595681	0.09091780261754479
PD3890a_non-exome	G[T>G]A	0.005033044364378949	0.2678127328862069	0.7176047769543619	0.009549445795052234
PD3890a_non-exome	G[T>G]C	0.006819552669069339	0.3032492089598213	0.6726919203399653	0.017239318031143952
PD3890a_non-exome	G[T>G]G	0.014836870815093068	0.40220092489303766	0.572678605020601	0.010283599271268302
PD3890a_non-exome	G[T>G]T	0.004371656173588151	0.35016255394935714	0.6054368490639999	0.04002894081305479
PD3890a_non-exome	T[C>A]A	0.1519468845884339	0.40974940601941556	0.3602298004485931	0.07807390894355744
PD3890a_non-exome	T[C>A]C	0.06068416542201826	0.2907224407016141	0.5829095667885066	0.06568382708786111
PD3890a_non-exome	T[C>A]G	0.10515013275020842	0.4206530328069431	0.2952481148014487	0.17894871964139966
PD3890a_non-exome	T[C>A]T	0.06050528030653577	0.369439371504019	0.4786701932808855	0.09138515490855977
PD3890a_non-exome	T[C>G]A	0.34656601051231556	2.2705349533762875e-10	0.6514996588702253	0.0019343303904056101
PD3890a_non-exome	T[C>G]C	0.14334549746016947	0.1196625260859167	0.7103332351616793	0.026658741292234486
PD3890a_non-exome	T[C>G]G	0.13492375908404822	0.10813737526247906	0.7476479660598995	0.009290899593573184
PD3890a_non-exome	T[C>G]T	0.27024560574474493	0.021746386961111648	0.7023224119514636	0.005685595342679845
PD3890a_non-exome	T[C>T]A	0.7191215608506427	0.23992613975604818	0.0003905429875760921	0.04056175640573308
PD3890a_non-exome	T[C>T]C	0.3161642831951435	0.3522400438172276	0.2060818978344615	0.12551377515316733
PD3890a_non-exome	T[C>T]G	0.26747175932179873	0.06261796952241595	0.42349995930333756	0.2464103118524478
PD3890a_non-exome	T[C>T]T	0.5085047309704134	0.3553961181687368	0.07275666932550122	0.06334248153534862
PD3890a_non-exome	T[T>A]A	0.0032386061559877854	0.3659347852411828	0.4909346137918277	0.13989199481100184
PD3890a_non-exome	T[T>A]C	0.002847625756938795	0.47960983595222106	0.49069711028937113	0.02684542800146917
PD3890a_non-exome	T[T>A]G	0.004259657447756936	0.4142203064712165	0.5358930026400329	0.04562703344099365
PD3890a_non-exome	T[T>A]T	0.001901939125757712	0.4695431270935488	0.49799189624762935	0.030563037533064205
PD3890a_non-exome	T[T>C]A	0.004788616454223571	0.3912390393046692	0.5234450855939857	0.08052725864712172
PD3890a_non-exome	T[T>C]C	0.009199483143636248	0.38117259959406624	0.5419648542127375	0.06766306304955998
PD3890a_non-exome	T[T>C]G	0.006699395205937553	0.39907206769385223	0.5378867627628404	0.05634177433736982
PD3890a_non-exome	T[T>C]T	0.005624228729152871	0.3737285312604432	0.536436874782178	0.08421036522822582
PD3890a_non-exome	T[T>G]A	0.003592087662823407	0.35488122666005045	0.6113404113388844	0.030186274338241666
PD3890a_non-exome	T[T>G]C	0.0036573278783030407	0.42137025468972167	0.529247099217826	0.045725318214149276
PD3890a_non-exome	T[T>G]G	0.0028229474676158277	0.30170742066567713	0.6721482655960667	0.02332136627064043
PD3890a_non-exome	T[T>G]T	0.004984663919010436	0.29583600776981694	0.6480693900513657	0.05110993825980698
PD3904a_non-exome	A[C>A]A	0.011873158155769665	0.6924257332455179	0.1339829124578539	0.16171819614085853
PD3904a_non-exome	A[C>A]C	0.003808805802280668	0.7050545015975173	0.1531753780337041	0.13796131456649793
PD3904a_non-exome	A[C>A]G	0.016506828028800383	0.6230528313383947	0.17447807932403017	0.1859622613087747
PD3904a_non-exome	A[C>A]T	0.005421402983353807	0.758851334632383	0.15270954726946337	0.08301771511479974
PD3904a_non-exome	A[C>G]A	0.02437530823433206	0.6745886698085464	0.2602275559703544	0.040808465986767205
PD3904a_non-exome	A[C>G]C	0.01306017535544653	0.6340754043963406	0.22687883228248124	0.1259855879657316
PD3904a_non-exome	A[C>G]G	0.0054409370456504555	0.7151582845455149	0.24290919545220865	0.03649158295662591
PD3904a_non-exome	A[C>G]T	0.026677462353205516	0.5781880792268115	0.3333464393007519	0.061788019119231034
PD3904a_non-exome	A[C>T]A	0.024413605576449324	0.6307503933152326	0.1245184262167154	0.22031757489160256
PD3904a_non-exome	A[C>T]C	0.02382733846193618	0.4868020204590444	0.26659574510014344	0.22277489597887604
PD3904a_non-exome	A[C>T]G	0.010079600964656578	0.12007610154432029	0.20658112689876346	0.6632631705922597
PD3904a_non-exome	A[C>T]T	0.019340355211983993	0.7136099432344962	0.15447289317456095	0.11257680837895898
PD3904a_non-exome	A[T>A]A	0.015445744307536926	0.6893757122892956	0.15405426121292617	0.14112428219024128
PD3904a_non-exome	A[T>A]C	0.01519708882468417	0.5657191552029255	0.21393209146886566	0.20515166450352462
PD3904a_non-exome	A[T>A]G	0.006862247267138332	0.7248712704961473	0.1260406278990013	0.142225854337713
PD3904a_non-exome	A[T>A]T	0.0015899759731101784	0.5972735353619502	0.1647107520077732	0.2364257366571666
PD3904a_non-exome	A[T>C]A	0.005896385952168331	0.6224838613316935	0.17628346285979105	0.195336289856347
PD3904a_non-exome	A[T>C]C	0.006105412168701426	0.6656039165608464	0.18692175678627998	0.14136891448417235
PD3904a_non-exome	A[T>C]G	0.011209726417990727	0.5609904725576642	0.2538818238854778	0.17391797713886722
PD3904a_non-exome	A[T>C]T	0.004368805488405202	0.5805852023778275	0.23883371433330483	0.17621227780046259
PD3904a_non-exome	A[T>G]A	0.005300299699579037	0.6193490192843223	0.15932925744302479	0.21602142357307394
PD3904a_non-exome	A[T>G]C	0.013691636525649817	0.3877569717307688	0.3082988346254783	0.2902525571181031
PD3904a_non-exome	A[T>G]G	0.0055058933497531305	0.7156834517246145	0.2696223551031404	0.009188299822492066
PD3904a_non-exome	A[T>G]T	0.003904520222580116	0.4868454263855986	0.35609141038613906	0.1531586430056822
PD3904a_non-exome	C[C>A]A	0.011838209773508294	0.6922137247847259	0.1875918066509141	0.10835625879085184
PD3904a_non-exome	C[C>A]C	0.010525928157520173	0.811152780598921	0.1468805652543968	0.03144072598916189
PD3904a_non-exome	C[C>A]G	0.010099967840118402	0.6392600287989838	0.18688144998607154	0.16375855337482634
PD3904a_non-exome	C[C>A]T	0.007235402976497655	0.8017112422924855	0.1050353694874124	0.08601798524360436
PD3904a_non-exome	C[C>G]A	0.04353800769457773	0.6596734157094205	0.2593215386515592	0.0374670379444425
PD3904a_non-exome	C[C>G]C	0.01495308185272327	0.7386995314891516	0.21689126405748965	0.02945612260063552
PD3904a_non-exome	C[C>G]G	0.020689800320103438	0.6514764336084575	0.23036347135486232	0.09747029471657682
PD3904a_non-exome	C[C>G]T	0.03752720024460554	0.6520872339329413	0.24375083824297958	0.06663472757947358
PD3904a_non-exome	C[C>T]A	0.08834095383627195	0.5332366389244375	0.12757471466134299	0.2508476925779474
PD3904a_non-exome	C[C>T]C	0.03270471705855347	0.5354529244544887	0.16354804531486009	0.26829431317209773
PD3904a_non-exome	C[C>T]G	0.04711102114160706	0.1468853663041698	0.20326154954799905	0.602742063006224
PD3904a_non-exome	C[C>T]T	0.04235600285011603	0.612905746364067	0.16823973679350102	0.17649851399231598
PD3904a_non-exome	C[T>A]A	0.006855035642236605	0.7926873808259235	0.18569393013196914	0.014763653399870758
PD3904a_non-exome	C[T>A]C	0.00824649750301123	0.7905059533204901	0.16264449149767635	0.038603057678822356
PD3904a_non-exome	C[T>A]G	0.00426438147942449	0.8014949231378004	0.16993477935705967	0.024305916025715503
PD3904a_non-exome	C[T>A]T	0.0024725231577414106	0.7972514982516415	0.15496824259296657	0.0453077359976504
PD3904a_non-exome	C[T>C]A	0.0034520412959458254	0.6490243681091314	0.21690757228184387	0.1306160183130789
PD3904a_non-exome	C[T>C]C	0.007500622490666595	0.7773008175711467	0.1235639416024935	0.09163461833569325
PD3904a_non-exome	C[T>C]G	0.018052047897325466	0.5001554211093905	0.33110184874034404	0.15069068225294008
PD3904a_non-exome	C[T>C]T	0.008993941640276842	0.621863556249653	0.23185514487096107	0.13728735723910906
PD3904a_non-exome	C[T>G]A	0.003257756961908634	0.6495389708667005	0.22911268722505126	0.11809058494633953
PD3904a_non-exome	C[T>G]C	0.006249180995345207	0.698573473044341	0.19540016134234905	0.09977718461796473
PD3904a_non-exome	C[T>G]G	0.00922461900812802	0.6102382031132803	0.307813387431349	0.07272379044724275
PD3904a_non-exome	C[T>G]T	0.002043240160445874	0.6378475552344077	0.22251613004348583	0.1375930745616606
PD3904a_non-exome	G[C>A]A	0.013571320764047734	0.6417654971909619	0.11349938900562574	0.23116379303936477
PD3904a_non-exome	G[C>A]C	0.008479209046782482	0.7459000786129681	0.1294035764888571	0.11621713585139234
PD3904a_non-exome	G[C>A]G	0.015548301092766972	0.4042351551232918	0.18691070696158008	0.39330583682236125
PD3904a_non-exome	G[C>A]T	0.0066492685010752775	0.7183950103292611	0.1183933606186844	0.1565623605509792
PD3904a_non-exome	G[C>G]A	0.0188449498853763	0.6629675295947971	0.22817760870219683	0.0900099118176298
PD3904a_non-exome	G[C>G]C	0.014196307426153298	0.6910867358248043	0.18896097003397722	0.10575598671506518
PD3904a_non-exome	G[C>G]G	0.027584588539563443	0.5742419868628386	0.3711262665100134	0.02704715808758456
PD3904a_non-exome	G[C>G]T	0.022525003505291713	0.669962346709157	0.2645304948984833	0.04298215488706807
PD3904a_non-exome	G[C>T]A	0.05218839722403865	0.5722352751162765	0.14030988040864642	0.23526644725103843
PD3904a_non-exome	G[C>T]C	0.03367389097300161	0.4823374532153811	0.1922573006634908	0.29173135514812665
PD3904a_non-exome	G[C>T]G	0.021569326748151627	0.21038130750197595	0.1938002174696403	0.5742491482802322
PD3904a_non-exome	G[C>T]T	0.03534568368215976	0.5689207067009514	0.20089980002079028	0.19483380959609842
PD3904a_non-exome	G[T>A]A	0.008574317360055888	0.7736699668509177	0.20100033696012065	0.01675537882890585
PD3904a_non-exome	G[T>A]C	0.010187822001837292	0.6642674995816731	0.20857967574818573	0.11696500266830388
PD3904a_non-exome	G[T>A]G	0.013533205212289888	0.7287323112412701	0.1948946940036208	0.06283978954281923
PD3904a_non-exome	G[T>A]T	0.0027811433637855	0.7742222412028615	0.17898439679035882	0.04401221864299398
PD3904a_non-exome	G[T>C]A	0.008362749317755547	0.5537833107182227	0.23909157142514573	0.19876236853887597
PD3904a_non-exome	G[T>C]C	0.007313634463636542	0.5949136101087309	0.22180924144291395	0.1759635139847186
PD3904a_non-exome	G[T>C]G	0.013699623125549504	0.5665100322693417	0.27050879891051033	0.14928154569459853
PD3904a_non-exome	G[T>C]T	0.005366399130474946	0.5527568653269977	0.18918055462657068	0.25269618091595647
PD3904a_non-exome	G[T>G]A	0.009293745541571913	0.6149119367300079	0.3383769447143292	0.037417373014090975
PD3904a_non-exome	G[T>G]C	0.01151465980271074	0.6366732212245793	0.29004598605765974	0.061766132915050335
PD3904a_non-exome	G[T>G]G	0.021722857969249488	0.7322163054344537	0.214112010988964	0.031948825607332934
PD3904a_non-exome	G[T>G]T	0.006435348203127044	0.6409400907218005	0.22758850746926743	0.12503605360580516
PD3904a_non-exome	T[C>A]A	0.16532143336942998	0.5543414814818588	0.10008579062974347	0.1802512945189678
PD3904a_non-exome	T[C>A]C	0.0854215800425607	0.5088531370193228	0.20953125998547115	0.19619402295264546
PD3904a_non-exome	T[C>A]G	0.09706300359195297	0.48282484406220444	0.06959634927848625	0.3505158030673563
PD3904a_non-exome	T[C>A]T	0.07237246116956975	0.5494711881568954	0.1462082484148154	0.23194810225871945
PD3904a_non-exome	T[C>G]A	0.6702905377964283	5.460431924641004e-10	0.32177088060346326	0.007938581054065339
PD3904a_non-exome	T[C>G]C	0.2704132719618351	0.2806879683221983	0.3421854244813184	0.10671333523464831
PD3904a_non-exome	T[C>G]G	0.2810791884588776	0.2801159032020035	0.3977341112354304	0.041070797103688515
PD3904a_non-exome	T[C>G]T	0.5529928410114078	0.0553311457411333	0.3669888083663974	0.024687204881061502
PD3904a_non-exome	T[C>T]A	0.651600798651196	0.27032022977540326	9.036568953367822e-05	0.077988605883867
PD3904a_non-exome	T[C>T]C	0.2946243610348207	0.40814666961307766	0.04904007402411173	0.2481888953279899
PD3904a_non-exome	T[C>T]G	0.2739510350411799	0.07974724262726016	0.11076532062431008	0.5355364017072498
PD3904a_non-exome	T[C>T]T	0.4608508651878709	0.4004974660969362	0.01683812168220714	0.12181354703298579
PD3904a_non-exome	T[T>A]A	0.003678299622943321	0.5167902886004642	0.14238624723636514	0.33714516454022736
PD3904a_non-exome	T[T>A]C	0.0036438921438739415	0.763119174240855	0.16034356172937803	0.07289337188589311
PD3904a_non-exome	T[T>A]G	0.005657075352288912	0.6840224522938106	0.18174011525686531	0.12858035709703522
PD3904a_non-exome	T[T>A]T	0.0024453823041881047	0.7506669994061244	0.16350380086054903	0.08338381742913845
PD3904a_non-exome	T[T>C]A	0.006017286990835847	0.6113002018561748	0.16796439245471406	0.21471811869827517
PD3904a_non-exome	T[T>C]C	0.012023332488267948	0.6194479023183539	0.18087892897304259	0.18764983622033565
PD3904a_non-exome	T[T>C]G	0.008816989623690506	0.653067010776402	0.18077193752126552	0.15734406207864202
PD3904a_non-exome	T[T>C]T	0.007155458521887788	0.591224512250775	0.17428039778543683	0.22733963144190045
PD3904a_non-exome	T[T>G]A	0.005401400327070358	0.6635354778758699	0.23474587480009643	0.0963172469969634
PD3904a_non-exome	T[T>G]C	0.004813677591884417	0.6896022354754432	0.1778799560933372	0.12770413083933518
PD3904a_non-exome	T[T>G]G	0.0047119579174899045	0.6261902225632312	0.2864963634416625	0.08260145607761644
PD3904a_non-exome	T[T>G]T	0.007706880356793826	0.5687421971237002	0.25587017644007837	0.16768074607942757
PD3905a_non-exome	A[C>A]A	0.00928605084414507	0.5756871475301064	0.3210960540050977	0.09393074762065076
PD3905a_non-exome	A[C>A]C	0.002874290664452932	0.5656047835585829	0.3542024534890899	0.07731847228787438
PD3905a_non-exome	A[C>A]G	0.01221298338016744	0.4900400133614683	0.3955667336812433	0.10218026957712112
PD3905a_non-exome	A[C>A]T	0.004040701874380796	0.60124343968027	0.3487643279343239	0.04595153051102554
PD3905a_non-exome	A[C>G]A	0.015533681955346705	0.4569954384386712	0.508157483458682	0.019313396147300124
PD3905a_non-exome	A[C>G]C	0.008849093840296326	0.4567086420361647	0.47104730212987794	0.063394961993661
PD3905a_non-exome	A[C>G]G	0.003539718765639958	0.4945904895004795	0.4842389987374096	0.017630792996470888
PD3905a_non-exome	A[C>G]T	0.015613194340126969	0.35972027181776817	0.597810887555143	0.026855646286961986
PD3905a_non-exome	A[C>T]A	0.01968686408132345	0.5406929149934153	0.30767980531922273	0.13194041560603825
PD3905a_non-exome	A[C>T]C	0.015638129439133962	0.3396332269310551	0.5361462014488556	0.10858244218095538
PD3905a_non-exome	A[C>T]G	0.007978733040527571	0.10104055058116158	0.5010741369268735	0.3899065794514375
PD3905a_non-exome	A[C>T]T	0.014488466907789013	0.5682865918894489	0.35459370192438017	0.06263123927838192
PD3905a_non-exome	A[T>A]A	0.011655926603631373	0.553022079819356	0.35623158937627125	0.07909040420074136
PD3905a_non-exome	A[T>A]C	0.010668593582358946	0.4221785686757899	0.4601966535684931	0.10695618417335813
PD3905a_non-exome	A[T>A]G	0.0054064586397323386	0.6070939976973803	0.30428309855190033	0.08321644511098716
PD3905a_non-exome	A[T>A]T	0.0012074484426757167	0.48216961172893125	0.3832840388374972	0.13333890099089585
PD3905a_non-exome	A[T>C]A	0.004358463787691755	0.48912984775506413	0.3992821195534768	0.10722956890376732
PD3905a_non-exome	A[T>C]C	0.004387883551024265	0.5085158616599006	0.4116429762938236	0.07545327849525166
PD3905a_non-exome	A[T>C]G	0.007400747340044644	0.393717373865873	0.5136093532248519	0.08527252556923043
PD3905a_non-exome	A[T>C]T	0.0029434292804103096	0.41582001431871	0.493068524200374	0.08816803220050563
PD3905a_non-exome	A[T>G]A	0.004038814309216603	0.501692308972814	0.3720229578749923	0.12224591884297713
PD3905a_non-exome	A[T>G]C	0.008632020684033622	0.2598754508493914	0.5955932184495903	0.13589931001698466
PD3905a_non-exome	A[T>G]G	0.00344266458973792	0.4757035834527818	0.5165871103703195	0.004266641587160832
PD3905a_non-exome	A[T>G]T	0.002261749958858804	0.2997895835130482	0.6320612452088111	0.06588742131928187
PD3905a_non-exome	C[C>A]A	0.00843789349103718	0.5244894337585198	0.40971571663237927	0.057356956118063886
PD3905a_non-exome	C[C>A]C	0.007818782038457447	0.6405158721435766	0.3343211025216919	0.017344243296274084
PD3905a_non-exome	C[C>A]G	0.00729808928972879	0.49103817996201143	0.4137863182360078	0.087877412512252
PD3905a_non-exome	C[C>A]T	0.005810552488776279	0.6844176613138208	0.25847052325856534	0.051301262938837786
PD3905a_non-exome	C[C>G]A	0.027780049438670074	0.44744738572596804	0.5070184956122988	0.017754069223063135
PD3905a_non-exome	C[C>G]C	0.010057917165537436	0.5281942842494519	0.44703358658888803	0.014714211996122715
PD3905a_non-exome	C[C>G]G	0.013871755433768113	0.46432531722478343	0.4732705585009996	0.04853236884044889
PD3905a_non-exome	C[C>G]T	0.024573932700676843	0.4539235633153747	0.48909741542447993	0.032405088559468526
PD3905a_non-exome	C[C>T]A	0.07168197995906658	0.45995613995679757	0.31720006250580834	0.15116181757832753
PD3905a_non-exome	C[C>T]C	0.025112889010378135	0.43707514028732236	0.384815351383074	0.15299661931922565
PD3905a_non-exome	C[C>T]G	0.036986917434261184	0.12258933254359176	0.48899182899693705	0.35143192102521004
PD3905a_non-exome	C[C>T]T	0.03159719498582128	0.48604422151778726	0.38457663193477526	0.09778195156161622
PD3905a_non-exome	C[T>A]A	0.004795462693145267	0.5894829846396455	0.3980514932802661	0.0076700593869432395
PD3905a_non-exome	C[T>A]C	0.005994698015006158	0.6108737356567724	0.3622912853341379	0.02084028099408344
PD3905a_non-exome	C[T>A]G	0.003056788732872986	0.6107432572140258	0.3732608127774707	0.01293914127563048
PD3905a_non-exome	C[T>A]T	0.0018200577414655094	0.6238621996604716	0.34954915479088405	0.024768587807178895
PD3905a_non-exome	C[T>C]A	0.0023724637358926034	0.47416897341962594	0.4567926044147827	0.06666595842969868
PD3905a_non-exome	C[T>C]C	0.005857661614633772	0.6453043997990877	0.2956919324330773	0.0531460061532013
PD3905a_non-exome	C[T>C]G	0.010769516281295823	0.3171927339264074	0.6052740792519119	0.06676367054038478
PD3905a_non-exome	C[T>C]T	0.006066858144434313	0.4459204719924447	0.4792380170983328	0.06877465276478813
PD3905a_non-exome	C[T>G]A	0.0021960014734570582	0.46544427011466094	0.4732426033475043	0.05911712506437767
PD3905a_non-exome	C[T>G]C	0.0043955428298007694	0.5223360886993635	0.4211483279821989	0.05212004048863675
PD3905a_non-exome	C[T>G]G	0.00557328739555385	0.3919321798005324	0.5698640429504636	0.03263048985345023
PD3905a_non-exome	C[T>G]T	0.0013955394179084124	0.46311422054289275	0.46569860816578934	0.06979163187340948
PD3905a_non-exome	G[C>A]A	0.011167481144370004	0.5613813841309008	0.2861853420784025	0.14126579264632672
PD3905a_non-exome	G[C>A]C	0.006602566449538179	0.6174284269401968	0.30876244256447705	0.06720656404578797
PD3905a_non-exome	G[C>A]G	0.011868112425433688	0.32800564606024557	0.43717330988372216	0.22295293163059854
PD3905a_non-exome	G[C>A]T	0.005322033261388794	0.6112453258265258	0.2903700453567298	0.09306259555535565
PD3905a_non-exome	G[C>G]A	0.01265069308107016	0.47310781356221854	0.46936759964010205	0.04487389371660924
PD3905a_non-exome	G[C>G]C	0.010094031787153514	0.5223605371089303	0.41170119941203565	0.055844231691880616
PD3905a_non-exome	G[C>G]G	0.015364664171657286	0.3400165334987598	0.6334305490954375	0.011188253234145365
PD3905a_non-exome	G[C>G]T	0.014281442803906695	0.4515503076961884	0.5139296950904797	0.020238554409425232
PD3905a_non-exome	G[C>T]A	0.04125051065550274	0.4808155733860631	0.3398320805862759	0.1381018353721583
PD3905a_non-exome	G[C>T]C	0.024903212808131597	0.37919411981374224	0.4356780386255464	0.1602246287525798
PD3905a_non-exome	G[C>T]G	0.01704376210973837	0.17671953251065425	0.4692495712043811	0.33698713417522624
PD3905a_non-exome	G[C>T]T	0.02523924999939216	0.4318573639476943	0.43958241778533563	0.10332096826757783
PD3905a_non-exome	G[T>A]A	0.005875362707151209	0.5635590085352933	0.42203907634545623	0.008526552412099247
PD3905a_non-exome	G[T>A]C	0.0070634559814355775	0.4895842394148223	0.44312742842264163	0.06022487618110056
PD3905a_non-exome	G[T>A]G	0.009450086039146476	0.5409431817368833	0.4170190176855564	0.03258771453841383
PD3905a_non-exome	G[T>A]T	0.0019767284221622098	0.5849756693957452	0.38981590286586865	0.023231699316223868
PD3905a_non-exome	G[T>C]A	0.005660846993931557	0.39849303140562226	0.4959265444293292	0.09991957717111705
PD3905a_non-exome	G[T>C]C	0.005043601024578296	0.4361239211953147	0.46871392966614606	0.09011854811396094
PD3905a_non-exome	G[T>C]G	0.008806168450745923	0.3871101009947477	0.5328199959223003	0.071263734632206
PD3905a_non-exome	G[T>C]T	0.003944941039755387	0.43195670652756984	0.42614244230649284	0.1379559101261819
PD3905a_non-exome	G[T>G]A	0.005379509689323656	0.37836710319861155	0.6001688229973144	0.016084564114750368
PD3905a_non-exome	G[T>G]C	0.00709485539491713	0.417020639779191	0.5476209401914134	0.028263564634478603
PD3905a_non-exome	G[T>G]G	0.014678494732974777	0.5259597184565533	0.44332920208626336	0.016032584724208508
PD3905a_non-exome	G[T>G]T	0.004354035681970351	0.46098405143010224	0.47183593206780244	0.06282598082012492
PD3905a_non-exome	T[C>A]A	0.13832621657516425	0.49306167232326265	0.25660700673603926	0.11200510436553392
PD3905a_non-exome	T[C>A]C	0.060406772656320724	0.38252429116202136	0.4540331968490913	0.10303573933256646
PD3905a_non-exome	T[C>A]G	0.08955033273801924	0.4735344897550597	0.1967526935612192	0.24016248394570186
PD3905a_non-exome	T[C>A]T	0.056684816128673696	0.4574955298205608	0.3509021463153867	0.13491750773537897
PD3905a_non-exome	T[C>G]A	0.40326360432145647	3.492218958179881e-10	0.5931894629548091	0.003546932374512482
PD3905a_non-exome	T[C>G]C	0.15938736664585598	0.17587261420941744	0.6180279965705905	0.04671202257413613
PD3905a_non-exome	T[C>G]G	0.1537547232064562	0.16288686719771275	0.6666737637436859	0.016684645852145102
PD3905a_non-exome	T[C>G]T	0.3151526684258838	0.03352120891192189	0.6408775374915379	0.01044858517065648
PD3905a_non-exome	T[C>T]A	0.6534589555179688	0.2881799648153993	0.00027769050045378684	0.058083389166177946
PD3905a_non-exome	T[C>T]C	0.2771404520529391	0.40812768354609685	0.14135238299803077	0.17337948140293324
PD3905a_non-exome	T[C>T]G	0.2499892428399379	0.07735930884512765	0.30972262724719896	0.3629288210677355
PD3905a_non-exome	T[C>T]T	0.4480129417866151	0.41388382587300865	0.050158500678400206	0.08794473166197604
PD3905a_non-exome	T[T>A]A	0.0029670165096096174	0.44313467430325065	0.3519343472362468	0.20196396195089297
PD3905a_non-exome	T[T>A]C	0.002678680121012488	0.5963431521328989	0.36118326319608934	0.03979490454999938
PD3905a_non-exome	T[T>A]G	0.004083996005347511	0.52494310047343	0.4020359544847631	0.06893694903645949
PD3905a_non-exome	T[T>A]T	0.0017936307428484826	0.5853048565946065	0.3674809893079523	0.04542052335459266
PD3905a_non-exome	T[T>C]A	0.004524298302027684	0.48860012668219743	0.38697996385790084	0.11989561115787398
PD3905a_non-exome	T[T>C]C	0.00881390965032527	0.4827219571244243	0.40630527905929	0.1021588541659606
