Sample Names	MutationType	SBS96A	SBS96B	SBS96C
PD3851a_non-exome	A[C>A]A	0.003578737573999737	0.23945262900497172	0.7569686334210286
PD3851a_non-exome	A[C>A]C	0.001834466341576563	0.2705569173052327	0.7276086163531907
PD3851a_non-exome	A[C>A]G	0.004506269703803396	0.22649047833358232	0.7690032519626143
PD3851a_non-exome	A[C>A]T	0.002935772747682402	0.3259543811241519	0.6711098461281657
PD3851a_non-exome	A[C>G]A	0.009465546954487912	0.41101563383548634	0.5795188192100258
PD3851a_non-exome	A[C>G]C	0.004274573038466395	0.2946966930325792	0.7010287339289544
PD3851a_non-exome	A[C>G]G	0.002980565069390194	0.449959002096992	0.5470604328336178
PD3851a_non-exome	A[C>G]T	0.008292681741922154	0.3869490160117852	0.6047583022462927
PD3851a_non-exome	A[C>T]A	0.006057424071791517	0.16944085205763604	0.8245017238705725
PD3851a_non-exome	A[C>T]C	0.0067020021975751345	0.19276686606120721	0.8005311317412176
PD3851a_non-exome	A[C>T]G	0.001967082627672007	0.026697890280795146	0.971335027091533
PD3851a_non-exome	A[C>T]T	0.006479298406692791	0.29671805551933295	0.6968026460739742
PD3851a_non-exome	A[T>A]A	0.004444852485192197	0.227762367824849	0.7677927796899588
PD3851a_non-exome	A[T>A]C	0.004173516050814949	0.19785750404883856	0.7979689799003465
PD3851a_non-exome	A[T>A]G	0.002793509703717771	0.2707255548839938	0.7264809354122884
PD3851a_non-exome	A[T>A]T	0.0012252364356182596	0.1747954915841857	0.8239792719801959
PD3851a_non-exome	A[T>C]A	0.0017417559770043654	0.18393792524839722	0.8143203187745984
PD3851a_non-exome	A[T>C]C	0.0024202809953456157	0.24929844248308708	0.7482812765215673
PD3851a_non-exome	A[T>C]G	0.0035929078803740274	0.22012378188584122	0.7762833102337848
PD3851a_non-exome	A[T>C]T	0.002250958877842282	0.23478924911741902	0.7629597920047386
PD3851a_non-exome	A[T>G]A	0.0019310283853050515	0.20398961649650785	0.7940793551181872
PD3851a_non-exome	A[T>G]C	0.0037523592673486326	0.18300972613519317	0.8132379145974583
PD3851a_non-exome	A[T>G]G	0.003643561592717077	0.6217263860097564	0.37463005239752667
PD3851a_non-exome	A[T>G]T	0.0022624472661508183	0.2923023781798951	0.7054351745539541
PD3851a_non-exome	C[C>A]A	0.003932843966711207	0.2887548779087153	0.7073122781245735
PD3851a_non-exome	C[C>A]C	0.004187600005422854	0.4408951320440169	0.5549172679505602
PD3851a_non-exome	C[C>A]G	0.0032774424801999607	0.27297216360645404	0.723750393913346
PD3851a_non-exome	C[C>A]T	0.002789875131181875	0.3070750518180535	0.6901350730507646
PD3851a_non-exome	C[C>G]A	0.01741049565017954	0.4715191948651944	0.5110703094846261
PD3851a_non-exome	C[C>G]C	0.007214548419166517	0.5001069312669895	0.492678520313844
PD3851a_non-exome	C[C>G]G	0.006300278805073723	0.3179016079631874	0.6757981132317389
PD3851a_non-exome	C[C>G]T	0.012956245965286139	0.36879815426674717	0.6182455997679668
PD3851a_non-exome	C[C>T]A	0.01796704076270186	0.13862845234156107	0.8434045068957371
PD3851a_non-exome	C[C>T]C	0.00683964616137714	0.14058829010131654	0.8525720637373064
PD3851a_non-exome	C[C>T]G	0.005734751209644298	0.032456478675883374	0.9618087701144724
PD3851a_non-exome	C[C>T]T	0.010807255848847615	0.21080728641442942	0.778385457736723
PD3851a_non-exome	C[T>A]A	0.0030756560166383877	0.4833574549843954	0.5135668889989662
PD3851a_non-exome	C[T>A]C	0.0042665518106117335	0.41798944241658453	0.5777440057728036
PD3851a_non-exome	C[T>A]G	0.0025065166025871545	0.5009925100744468	0.49650097332296617
PD3851a_non-exome	C[T>A]T	0.001647383601991177	0.4512219836054758	0.5471306327925332
PD3851a_non-exome	C[T>C]A	0.0018336302347923875	0.28702687599578214	0.7111394937694255
PD3851a_non-exome	C[T>C]C	0.003420332955936795	0.31456221994550804	0.682017447098555
PD3851a_non-exome	C[T>C]G	0.005750150076565453	0.26128094973951865	0.7329689001839159
PD3851a_non-exome	C[T>C]T	0.003013863361200867	0.302192790719893	0.6947933459189062
PD3851a_non-exome	C[T>G]A	0.001477785701590973	0.3159973312124819	0.6825248830859271
PD3851a_non-exome	C[T>G]C	0.0031857020829974708	0.3625422499596556	0.6342720479573469
PD3851a_non-exome	C[T>G]G	0.003305026322229939	0.35854009605828835	0.6381548776194818
PD3851a_non-exome	C[T>G]T	0.0013721763654694905	0.26061000883601515	0.7380178147985155
PD3851a_non-exome	G[C>A]A	0.003139105826843351	0.18392189549454271	0.8129389986786139
PD3851a_non-exome	G[C>A]C	0.0031125710815569983	0.2978318395327512	0.6990555893856918
PD3851a_non-exome	G[C>A]G	0.0038574448469992904	0.07379293688099837	0.9223496182720023
PD3851a_non-exome	G[C>A]T	0.0023263810823674082	0.24128988310259936	0.7563837358150333
PD3851a_non-exome	G[C>G]A	0.006296312274031274	0.33949197671828124	0.6542117110076874
PD3851a_non-exome	G[C>G]C	0.00511824419223287	0.29283243375278306	0.7020493220549839
PD3851a_non-exome	G[C>G]G	0.012894181844926286	0.5753259015459667	0.4117799166091069
PD3851a_non-exome	G[C>G]T	0.008690848572047832	0.43732989396253874	0.5539792574654133
PD3851a_non-exome	G[C>T]A	0.011418634927568554	0.16656922086503095	0.8220121442074004
PD3851a_non-exome	G[C>T]C	0.006924757972823936	0.1430916743794297	0.8499835676477464
PD3851a_non-exome	G[C>T]G	0.0034553752927649274	0.039458162991205435	0.9570864617160296
PD3851a_non-exome	G[C>T]T	0.008321422681810983	0.18974671626258482	0.8019318610556041
PD3851a_non-exome	G[T>A]A	0.004749186539990413	0.48161340974589506	0.5136374037141146
PD3851a_non-exome	G[T>A]C	0.003712782500166176	0.32338516780800314	0.6729020496918308
PD3851a_non-exome	G[T>A]G	0.0063342992794256795	0.38167667157309404	0.6119890291474803
PD3851a_non-exome	G[T>A]T	0.002552870309973234	0.5110296687249329	0.4864174609650937
PD3851a_non-exome	G[T>C]A	0.002385523996722681	0.19784703441508159	0.7997674415881958
PD3851a_non-exome	G[T>C]C	0.0025789138944023126	0.22951048419452152	0.7679106019110761
PD3851a_non-exome	G[T>C]G	0.0037255617605886104	0.22597013429096127	0.7703043039484502
PD3851a_non-exome	G[T>C]T	0.00196882397592154	0.17210016701460365	0.8259310090094747
PD3851a_non-exome	G[T>G]A	0.003495849642085228	0.46716167881401166	0.5293424715439031
PD3851a_non-exome	G[T>G]C	0.005101250877221569	0.4277418111105041	0.5671569380122744
PD3851a_non-exome	G[T>G]G	0.011146956243083235	0.4363075920645593	0.5525454516923575
PD3851a_non-exome	G[T>G]T	0.0032530438439873407	0.3034940487132899	0.6932529074427228
PD3851a_non-exome	T[C>A]A	0.040690843015234235	0.15841889243258445	0.8008902645521813
PD3851a_non-exome	T[C>A]C	0.020778100723783968	0.20053102678525492	0.7786908724909611
PD3851a_non-exome	T[C>A]G	0.016952615810724325	0.09158065384830118	0.8914667303409745
PD3851a_non-exome	T[C>A]T	0.0160846583557113	0.15640573556081744	0.8275096060834712
PD3851a_non-exome	T[C>G]A	0.5494725856330395	0.27874148879893507	0.17178592556802552
PD3851a_non-exome	T[C>G]C	0.08482466966546273	0.23317429116625216	0.682001039168285
PD3851a_non-exome	T[C>G]G	0.14014981153360023	0.4107280963071855	0.4491220921592144
PD3851a_non-exome	T[C>G]T	0.3239130802327966	0.3062924261240708	0.3697944936431327
PD3851a_non-exome	T[C>T]A	0.30137410587062624	0.031346918660985795	0.667278975468388
PD3851a_non-exome	T[C>T]C	0.06532451693824044	0.07770446455345635	0.8569710185083033
PD3851a_non-exome	T[C>T]G	0.03668015690038802	0.003976008569967987	0.9593438345296439
PD3851a_non-exome	T[C>T]T	0.15943548484039402	0.09063398569788407	0.749930529461722
PD3851a_non-exome	T[T>A]A	0.0011405843792889653	0.11004003786442502	0.8888193777562859
PD3851a_non-exome	T[T>A]C	0.0024459909393337895	0.36046866431682467	0.6370853447438416
PD3851a_non-exome	T[T>A]G	0.0027111748089523624	0.2750047505898791	0.7222840746011685
PD3851a_non-exome	T[T>A]T	0.0017403544449954669	0.34729517506404434	0.6509644704909602
PD3851a_non-exome	T[T>C]A	0.0017559586285640072	0.19395594543442016	0.8042880959370159
PD3851a_non-exome	T[T>C]C	0.0033176549824840964	0.207474108482636	0.7892082365348798
PD3851a_non-exome	T[T>C]G	0.0030167541339308525	0.1989460479534539	0.7980371979126153
PD3851a_non-exome	T[T>C]T	0.0021717207955358306	0.1814386097997631	0.816389669404701
PD3851a_non-exome	T[T>G]A	0.0022786556771170513	0.3563470294600766	0.6413743148628064
PD3851a_non-exome	T[T>G]C	0.0021843621016210185	0.31518113094958866	0.6826345069487904
PD3851a_non-exome	T[T>G]G	0.0023873473218046465	0.362681425173636	0.6349312275045593
PD3851a_non-exome	T[T>G]T	0.0025067783365519316	0.24530740544866586	0.7521858162147822
PD3890a_non-exome	A[C>A]A	0.016826563963730615	0.8767698042763723	0.10640363175989717
PD3890a_non-exome	A[C>A]C	0.007830083963552474	0.8993229996719474	0.09284691636450026
PD3890a_non-exome	A[C>A]G	0.022102906810438003	0.8651323415253229	0.11276475166423913
PD3890a_non-exome	A[C>A]T	0.010604674802266787	0.9169214454631485	0.07247387973458495
PD3890a_non-exome	A[C>G]A	0.02728837973217125	0.9227642578449233	0.049947362422905435
PD3890a_non-exome	A[C>G]C	0.016780878309741516	0.9009435809982305	0.08227554069202803
PD3890a_non-exome	A[C>G]G	0.008061182034541325	0.9477056132322516	0.044233204733207104
PD3890a_non-exome	A[C>G]T	0.025304886067117775	0.9195249585598319	0.055170155373050304
PD3890a_non-exome	A[C>T]A	0.03723990518182727	0.8112208441788689	0.1515392506393038
PD3890a_non-exome	A[C>T]C	0.037078301270878015	0.8305160636732603	0.1324056350558617
PD3890a_non-exome	A[C>T]G	0.03797662011691769	0.40139414976184296	0.5606292301212393
PD3890a_non-exome	A[C>T]T	0.02507649613440293	0.8943000047750302	0.08062349909056699
PD3890a_non-exome	A[T>A]A	0.02170659546496955	0.8661970823453109	0.11209632218971953
PD3890a_non-exome	A[T>A]C	0.02291731046843972	0.846085931066684	0.1309967584648764
PD3890a_non-exome	A[T>A]G	0.011870049406917323	0.8958431597781834	0.09228679081489922
PD3890a_non-exome	A[T>A]T	0.0075640454423350195	0.8403589699701592	0.1520769845875058
PD3890a_non-exome	A[T>C]A	0.010286217814459011	0.8459410062351781	0.14377277595036284
PD3890a_non-exome	A[T>C]C	0.011054888680478138	0.8867649835473106	0.1021801277722114
PD3890a_non-exome	A[T>C]G	0.018125586878699355	0.8647953539367699	0.11707905918453058
PD3890a_non-exome	A[T>C]T	0.010826940396531108	0.8794613920866065	0.10971166751686244
PD3890a_non-exome	A[T>G]A	0.010464657241658034	0.860884322315398	0.12865102044294394
PD3890a_non-exome	A[T>G]C	0.021997070198409983	0.8354779376725843	0.14252499212900574
PD3890a_non-exome	A[T>G]G	0.007301499593092917	0.9702544341147158	0.022444066292191235
PD3890a_non-exome	A[T>G]T	0.009014314884713395	0.9069576225912765	0.08402806252400997
PD3890a_non-exome	C[C>A]A	0.01573466674108151	0.8996644281245294	0.08460090513438898
PD3890a_non-exome	C[C>A]C	0.011500404385924392	0.9429390266213875	0.045560568992688226
PD3890a_non-exome	C[C>A]G	0.013800170905939392	0.8950929480181529	0.0911068810759078
PD3890a_non-exome	C[C>A]T	0.010625742835946904	0.9107925220039537	0.0785817351600994
PD3890a_non-exome	C[C>G]A	0.04353853976521172	0.9182532798457064	0.038208180389081914
PD3890a_non-exome	C[C>G]C	0.01753640712517632	0.9466615279875329	0.03580206488729055
PD3890a_non-exome	C[C>G]G	0.022987749987178598	0.9032954200027622	0.07371683001005927
PD3890a_non-exome	C[C>G]T	0.040660770212792505	0.9013335620352791	0.05800566775192825
PD3890a_non-exome	C[C>T]A	0.11887764046371138	0.7142929853688976	0.16682937416739102
PD3890a_non-exome	C[C>T]C	0.04823042687485805	0.7720350313052249	0.17973454181991713
PD3890a_non-exome	C[C>T]G	0.09595565689218787	0.4229195760031952	0.4811247671046171
PD3890a_non-exome	C[C>T]T	0.05451466836694417	0.8281022153619462	0.11738311627110976
PD3890a_non-exome	C[T>A]A	0.007789510151404236	0.9533254649572144	0.03888502489138153
PD3890a_non-exome	C[T>A]C	0.012293773824483526	0.9379374887652446	0.04976873741027181
PD3890a_non-exome	C[T>A]G	0.0061509622830399615	0.9574235343154628	0.03642550340149714
PD3890a_non-exome	C[T>A]T	0.004459675465097379	0.9512598233496402	0.044280501185262375
PD3890a_non-exome	C[T>C]A	0.0074351262578459375	0.906357509984769	0.08620736375738501
PD3890a_non-exome	C[T>C]C	0.012725562508081363	0.9114136986456078	0.0758607388463109
PD3890a_non-exome	C[T>C]G	0.02487771193033542	0.8803176067503022	0.09480468131936222
PD3890a_non-exome	C[T>C]T	0.011631180672857755	0.9082067585466136	0.08016206078052869
PD3890a_non-exome	C[T>G]A	0.005514809235547098	0.9183385931138701	0.07614659765058267
PD3890a_non-exome	C[T>G]C	0.010462791026375717	0.9272597413965923	0.06227746757703206
PD3890a_non-exome	C[T>G]G	0.010958386530936335	0.9257842968310582	0.06325731663800536
PD3890a_non-exome	C[T>G]T	0.0060611954682336655	0.8964784066021485	0.09746039792961783
PD3890a_non-exome	G[C>A]A	0.018392551451424936	0.8392084416044414	0.14239900694413357
PD3890a_non-exome	G[C>A]C	0.012160888265441011	0.9061863812140463	0.08165273052051283
PD3890a_non-exome	G[C>A]G	0.043391533560572	0.6464284416722285	0.31018002476719947
PD3890a_non-exome	G[C>A]T	0.010929944623568576	0.8828290270384597	0.10624102833797172
PD3890a_non-exome	G[C>G]A	0.02169381115371363	0.9109184490927016	0.06738773975358485
PD3890a_non-exome	G[C>G]C	0.020138580825452126	0.8972788358464473	0.08258258332810044
PD3890a_non-exome	G[C>G]G	0.02724647526058532	0.9467402709364657	0.026013253802948992
PD3890a_non-exome	G[C>G]T	0.023756841299652668	0.9309708129900808	0.04527234571026657
PD3890a_non-exome	G[C>T]A	0.06890734601377109	0.7827921766809028	0.1483004773053259
PD3890a_non-exome	G[C>T]C	0.048165829878712915	0.7750847660991123	0.17674940402217482
PD3890a_non-exome	G[C>T]G	0.05502484852806635	0.489328917509113	0.45564623396282056
PD3890a_non-exome	G[C>T]T	0.046214202908286435	0.8206397329880526	0.13314606410366098
PD3890a_non-exome	G[T>A]A	0.01201828728915463	0.9491225914921787	0.03885912121866667
PD3890a_non-exome	G[T>A]C	0.013468340522950121	0.913555767696235	0.07297589178081489
PD3890a_non-exome	G[T>A]G	0.01968013335624712	0.923475677634103	0.05684418900964995
PD3890a_non-exome	G[T>A]T	0.006150586355569206	0.9588137858187757	0.03503562782565508
PD3890a_non-exome	G[T>C]A	0.013225756454217903	0.8542139578314519	0.13256028571433
PD3890a_non-exome	G[T>C]C	0.012625111025630785	0.8749863546793681	0.1123885342950011
PD3890a_non-exome	G[T>C]G	0.018376985116990815	0.8680283850720333	0.11359462981097604
PD3890a_non-exome	G[T>C]T	0.012252725432899316	0.8340795842297863	0.1536676903373143
PD3890a_non-exome	G[T>G]A	0.009124562588336422	0.9495698283822447	0.041305609029418724
PD3890a_non-exome	G[T>G]C	0.014363138370708455	0.9378961497169459	0.04774071191234577
PD3890a_non-exome	G[T>G]G	0.030336624266081625	0.924706932481078	0.0449564432528403
PD3890a_non-exome	G[T>G]T	0.012496049311405705	0.9078903083947427	0.07961364229385165
PD3890a_non-exome	T[C>A]A	0.2164364796311736	0.6562074153599359	0.12735610500889039
PD3890a_non-exome	T[C>A]C	0.10377520343408268	0.779955295143919	0.11626950142199828
PD3890a_non-exome	T[C>A]G	0.14751318563456228	0.6205806772862785	0.2319061370791593
PD3890a_non-exome	T[C>A]T	0.09890612767735171	0.74896999645736	0.1521238758652884
PD3890a_non-exome	T[C>G]A	0.7120477620721399	0.28129699894067006	0.006655238987190013
PD3890a_non-exome	T[C>G]C	0.2957632507124498	0.6331448609436939	0.07109188834385617
PD3890a_non-exome	T[C>G]G	0.296028829861924	0.6756103432705726	0.028360826867503526
PD3890a_non-exome	T[C>G]T	0.5648054533278735	0.4159173527951133	0.019277193877013227
PD3890a_non-exome	T[C>T]A	0.8716920175891354	0.07060775094371538	0.05770023146714918
PD3890a_non-exome	T[C>T]C	0.4313067997034191	0.3995364968474726	0.16915670344910833
PD3890a_non-exome	T[C>T]G	0.5358128853795536	0.04523032076107341	0.41895679385937296
PD3890a_non-exome	T[C>T]T	0.631585253513569	0.27960083274513514	0.08881391374129581
PD3890a_non-exome	T[T>A]A	0.010057454823874865	0.7556345191387648	0.23430802603736037
PD3890a_non-exome	T[T>A]C	0.008093712725040602	0.9288826394792505	0.06302364779570883
PD3890a_non-exome	T[T>A]G	0.011369245693206952	0.8980793582205744	0.09055139608621861
PD3890a_non-exome	T[T>A]T	0.0059670832946962845	0.9273069831308844	0.06672593357441926
PD3890a_non-exome	T[T>C]A	0.009929368136511268	0.8541041206761406	0.1359665111873481
PD3890a_non-exome	T[T>C]C	0.0176018654327373	0.8572189651586282	0.1251791694086347
PD3890a_non-exome	T[T>C]G	0.016593356817531234	0.852177452457782	0.1312291907246868
PD3890a_non-exome	T[T>C]T	0.01293656764147231	0.8416764394276833	0.14538699293084434
PD3890a_non-exome	T[T>G]A	0.007621943848685954	0.9282406217058311	0.06413743444548281
PD3890a_non-exome	T[T>G]C	0.008149357533529073	0.9157129068147459	0.07613773565172491
PD3890a_non-exome	T[T>G]G	0.007858055386435261	0.9296622143370361	0.0624797302765287
PD3890a_non-exome	T[T>G]T	0.01160393569238663	0.8843016322310013	0.10409443207661204
PD3904a_non-exome	A[C>A]A	0.016488041185820052	0.7010032135161439	0.2825087452980359
PD3904a_non-exome	A[C>A]C	0.007883660496880922	0.7388188993214352	0.2532974401816839
PD3904a_non-exome	A[C>A]G	0.021385463332496222	0.6829872882470392	0.2956272484204645
PD3904a_non-exome	A[C>A]T	0.011102793835691413	0.7832995055040903	0.20559770066021832
PD3904a_non-exome	A[C>G]A	0.029805468138252852	0.8223747425836686	0.1478197892780786
PD3904a_non-exome	A[C>G]C	0.017214101717887606	0.7540984946369369	0.22868740364517562
PD3904a_non-exome	A[C>G]G	0.008945041067548079	0.8580604108918125	0.1329945480406396
PD3904a_non-exome	A[C>G]T	0.027354432534577033	0.8110500340344946	0.1615955334309283
PD3904a_non-exome	A[C>T]A	0.033556751558748515	0.5964461627502188	0.3699970856910326
PD3904a_non-exome	A[C>T]C	0.03453973017429296	0.6312595336334529	0.3342007361922541
PD3904a_non-exome	A[C>T]G	0.020151437853870028	0.17378871388518272	0.8060598482609472
PD3904a_non-exome	A[C>T]T	0.02576621348652553	0.7497695208655565	0.22446426564791788
PD3904a_non-exome	A[T>A]A	0.021029254107599378	0.6847147356908527	0.2942560102015479
PD3904a_non-exome	A[T>A]C	0.021453679695528367	0.6462691410414524	0.3322771792630193
PD3904a_non-exome	A[T>A]G	0.011955085836433359	0.7361951560648163	0.25184975809875026
PD3904a_non-exome	A[T>A]T	0.006843337811232521	0.620353863365533	0.37280279882323447
PD3904a_non-exome	A[T>C]A	0.009436108278555953	0.6331958771120644	0.35736801460937967
PD3904a_non-exome	A[T>C]C	0.010929512585124493	0.7153453489417834	0.27372513847309216
PD3904a_non-exome	A[T>C]G	0.017411943423281125	0.6778433182271753	0.30474473834954363
PD3904a_non-exome	A[T>C]T	0.010555748846388284	0.6996178524385743	0.2898263987150373
PD3904a_non-exome	A[T>G]A	0.009858470845312628	0.6617442081059722	0.32839732104871505
PD3904a_non-exome	A[T>G]C	0.020182951557315428	0.6254831644640719	0.35433388397861276
PD3904a_non-exome	A[T>G]G	0.008492193705219949	0.9207765794300425	0.07073122686473741
PD3904a_non-exome	A[T>G]T	0.00922914742375355	0.7576640053374131	0.23310684723883346
PD3904a_non-exome	C[C>A]A	0.016071459360670434	0.7497890889970718	0.23413945164225794
PD3904a_non-exome	C[C>A]C	0.012716951144106887	0.850774184911964	0.1365088639439292
PD3904a_non-exome	C[C>A]G	0.01392538884584162	0.736973383719156	0.24910122743500251
PD3904a_non-exome	C[C>A]T	0.010991704775398401	0.7687515635933942	0.2202567316312073
PD3904a_non-exome	C[C>G]A	0.04857527876372933	0.8359200309624677	0.11550469027380286
PD3904a_non-exome	C[C>G]C	0.019771171896224227	0.8708579523028485	0.10937087580092733
PD3904a_non-exome	C[C>G]G	0.023951347034352397	0.7679343391216864	0.2081143138439611
PD3904a_non-exome	C[C>G]T	0.043568058841365186	0.788023109779432	0.16840883137920282
PD3904a_non-exome	C[C>T]A	0.10303688468217044	0.5051609016002172	0.39180221371761226
PD3904a_non-exome	C[C>T]C	0.0413933479479871	0.5406388578797278	0.41796779417228513
PD3904a_non-exome	C[C>T]G	0.05499899202252326	0.19778927430204335	0.7472117336754334
PD3904a_non-exome	C[C>T]T	0.052004949552189324	0.6445788526008009	0.3034161978470096
PD3904a_non-exome	C[T>A]A	0.008742312455361593	0.8730078970430201	0.1182497905016182
PD3904a_non-exome	C[T>A]C	0.013473347072788905	0.8387354025056906	0.14779125042152047
PD3904a_non-exome	C[T>A]G	0.0069419758797086345	0.8816677120238381	0.11139031209645321
PD3904a_non-exome	C[T>A]T	0.004951801659861377	0.8618266935270735	0.13322150481306502
PD3904a_non-exome	C[T>C]A	0.0075825420469008125	0.7542005046606322	0.238216953292467
PD3904a_non-exome	C[T>C]C	0.013229066932239807	0.7730873706645902	0.2136835624031699
PD3904a_non-exome	C[T>C]G	0.024876490521038377	0.7182553453394739	0.25686816413948765
PD3904a_non-exome	C[T>C]T	0.011992351446223135	0.7640575587997895	0.2239500897539874
PD3904a_non-exome	C[T>G]A	0.005737697724510042	0.7795981648227646	0.21466413745272533
PD3904a_non-exome	C[T>G]C	0.01118056884903202	0.8084972651838469	0.1803221659671209
PD3904a_non-exome	C[T>G]G	0.011685854246039391	0.8055350866519333	0.1827790591020273
PD3904a_non-exome	C[T>G]T	0.006051423763527911	0.730297663754189	0.26365091248228295
PD3904a_non-exome	G[C>A]A	0.01688967888130943	0.6287964169146308	0.3543139042040598
PD3904a_non-exome	G[C>A]C	0.012500867889754644	0.7600693152107569	0.22742981689948852
PD3904a_non-exome	G[C>A]G	0.030745816759907115	0.3737337280667124	0.5955204551733805
PD3904a_non-exome	G[C>A]T	0.010724693318467135	0.7068126704520679	0.282462636229465
PD3904a_non-exome	G[C>G]A	0.022894745219492606	0.7844048301853028	0.1927004245952046
PD3904a_non-exome	G[C>G]C	0.02063310149012468	0.7501081389743728	0.2292587595355024
PD3904a_non-exome	G[C>G]G	0.03130989600206571	0.8876933158802711	0.08099678811766312
PD3904a_non-exome	G[C>G]T	0.026220328386496874	0.8383904007724221	0.13538927084108088
PD3904a_non-exome	G[C>T]A	0.06210921604640034	0.5757020852102764	0.3621886987433232
PD3904a_non-exome	G[C>T]C	0.04153985979551814	0.5454261822779529	0.41303395792652897
PD3904a_non-exome	G[C>T]G	0.03258029320621076	0.2364056305176126	0.7310140762761766
PD3904a_non-exome	G[C>T]T	0.042926834051485445	0.621966129167798	0.3351070367807167
PD3904a_non-exome	G[T>A]A	0.013477316952626491	0.8684483074431628	0.11807437560421076
PD3904a_non-exome	G[T>A]C	0.014079188601734858	0.7792187673697397	0.20670204402852538
PD3904a_non-exome	G[T>A]G	0.021225127999369597	0.812659364336129	0.1661155076645015
PD3904a_non-exome	G[T>A]T	0.006962232629750021	0.8855785344515249	0.10745923291872504
PD3904a_non-exome	G[T>C]A	0.012367457390360994	0.6517594949088208	0.3358730477008182
PD3904a_non-exome	G[T>C]C	0.012244415856154219	0.6924125756563818	0.2953430084874639
PD3904a_non-exome	G[T>C]G	0.017765258078258257	0.6846868485332025	0.2975478933885392
PD3904a_non-exome	G[T>C]T	0.01104654828447958	0.6135672722242157	0.37538617949130487
PD3904a_non-exome	G[T>G]A	0.010185459944615921	0.8648808859248467	0.12493365413053742
PD3904a_non-exome	G[T>G]C	0.015801173180478682	0.8418903725371252	0.14230845428239616
PD3904a_non-exome	G[T>G]G	0.033459776084015375	0.8321865508114604	0.13435367310452426
PD3904a_non-exome	G[T>G]T	0.01289576756365198	0.7644844358912359	0.22261979654511205
PD3904a_non-exome	T[C>A]A	0.1973080615493488	0.48810842488177353	0.3145835135688777
PD3904a_non-exome	T[C>A]C	0.09834488354833908	0.6030991125969298	0.29855600385473113
PD3904a_non-exome	T[C>A]G	0.11504327920629259	0.3949021162315232	0.4900546045621841
PD3904a_non-exome	T[C>A]T	0.08813466209283477	0.5445637982790955	0.3673015396280697
PD3904a_non-exome	T[C>G]A	0.7420228947489003	0.23918507698504451	0.018792028266055142
PD3904a_non-exome	T[C>G]C	0.29429073052241495	0.5140392247381581	0.19167004473942695
PD3904a_non-exome	T[C>G]G	0.3203305443337056	0.596515090207926	0.08315436545836827
PD3904a_non-exome	T[C>G]T	0.5905510258347202	0.3548349492452382	0.054614024920041755
PD3904a_non-exome	T[C>T]A	0.8029237022939514	0.053066981990360966	0.14400931571568767
PD3904a_non-exome	T[C>T]C	0.3547952123458563	0.2681690816427074	0.37703570601143627
PD3904a_non-exome	T[C>T]G	0.31372341419105804	0.02160848149419535	0.6646681043147467
PD3904a_non-exome	T[C>T]T	0.573974080920343	0.2073287656378523	0.2186971534418048
PD3904a_non-exome	T[T>A]A	0.0079726811647246	0.4887523932241486	0.5032749256111269
PD3904a_non-exome	T[T>A]C	0.008639945033056618	0.8090676593680091	0.18229239559893426
PD3904a_non-exome	T[T>A]G	0.011489789327177181	0.7405526322771606	0.2479575783956623
PD3904a_non-exome	T[T>A]T	0.006325098924561247	0.8020280433870283	0.19164685768841044
PD3904a_non-exome	T[T>C]A	0.009234532136215673	0.6481341472085727	0.34263132065521157
PD3904a_non-exome	T[T>C]C	0.01666483333693606	0.6622086519673714	0.3211265146956925
PD3904a_non-exome	T[T>C]G	0.015544142483035144	0.6513634075693909	0.333092449947574
PD3904a_non-exome	T[T>C]T	0.011828955534284246	0.6279619184618827	0.36020912600383315
PD3904a_non-exome	T[T>G]A	0.008118810688218793	0.8067668439476197	0.18511434536416158
PD3904a_non-exome	T[T>G]C	0.008474597389693528	0.7769907350165735	0.2145346675937331
PD3904a_non-exome	T[T>G]G	0.008398005924017616	0.8106755452376381	0.18092644883834433
PD3904a_non-exome	T[T>G]T	0.011430226183807582	0.710739969455632	0.27782980436056054
PD3905a_non-exome	A[C>A]A	0.015042933701856774	0.8241933291938229	0.1607637371043203
PD3905a_non-exome	A[C>A]C	0.00705174039266295	0.8516320689763381	0.14131619063099898
PD3905a_non-exome	A[C>A]G	0.01969325179232167	0.8105074269509297	0.1697993212567486
PD3905a_non-exome	A[C>A]T	0.009665001975514089	0.8787050702088648	0.11162992781562112
PD3905a_non-exome	A[C>G]A	0.02522075320086917	0.8967625779687515	0.07801666883037928
PD3905a_non-exome	A[C>G]C	0.015211576442995305	0.8587436558381621	0.12604476771884257
PD3905a_non-exome	A[C>G]G	0.007468742548711419	0.9232697870071898	0.06926147044409875
PD3905a_non-exome	A[C>G]T	0.02331348883344942	0.8907848362618217	0.0859016749047289
PD3905a_non-exome	A[C>T]A	0.03248594606007498	0.7441019859045586	0.22341206803536656
PD3905a_non-exome	A[C>T]C	0.0326931743561543	0.7700017437175526	0.19730508192629323
PD3905a_non-exome	A[C>T]G	0.026981224162443446	0.2998629355449946	0.673155840292562
PD3905a_non-exome	A[C>T]T	0.02276199057175062	0.8535579830518818	0.1236800263763675
PD3905a_non-exome	A[T>A]A	0.01934715190607147	0.8117988944625473	0.1688539536313813
PD3905a_non-exome	A[T>A]C	0.020209993655149118	0.7845550323364309	0.19523497400842005
PD3905a_non-exome	A[T>A]G	0.010695565082374889	0.8487691776022949	0.14053525731533031
PD3905a_non-exome	A[T>A]T	0.006587682338581065	0.7695729071157685	0.22383941054565043
PD3905a_non-exome	A[T>C]A	0.009001145122911081	0.7783743837033007	0.21262447117378813
PD3905a_non-exome	A[T>C]C	0.009904308656821298	0.8353812779933734	0.15471441334980549
PD3905a_non-exome	A[T>C]G	0.016107064403936413	0.8080608680458852	0.17583206755017824
PD3905a_non-exome	A[T>C]T	0.009658368990023074	0.8249378609311674	0.1654037700788095
PD3905a_non-exome	A[T>G]A	0.009235400547977486	0.7988807138667521	0.19188388558527045
PD3905a_non-exome	A[T>G]C	0.01927255015588424	0.7696898152251777	0.21103763461893812
PD3905a_non-exome	A[T>G]G	0.006852982455050947	0.9575458993944272	0.03560111815052181
PD3905a_non-exome	A[T>G]T	0.008160084977428879	0.8632873200595715	0.12855259496299962
PD3905a_non-exome	C[C>A]A	0.014243336979855527	0.8563300009569211	0.12942666206322348
PD3905a_non-exome	C[C>A]C	0.010648591633235907	0.9180558062655804	0.07129560210118362
PD3905a_non-exome	C[C>A]G	0.01244427280967547	0.8487105564522208	0.13884517073810368
PD3905a_non-exome	C[C>A]T	0.009649912020640356	0.8697409514759286	0.12060913650343104
PD3905a_non-exome	C[C>G]A	0.04055195028591432	0.8993045379112317	0.06014351180285406
PD3905a_non-exome	C[C>G]C	0.016336476370352838	0.9272971122727096	0.056366411356937686
PD3905a_non-exome	C[C>G]G	0.02094784268561695	0.8655238844304856	0.11352827288389758
PD3905a_non-exome	C[C>G]T	0.03742575868570963	0.872342365955304	0.0902318753589863
PD3905a_non-exome	C[C>T]A	0.10320149032343603	0.652031515762094	0.2447669939144701
PD3905a_non-exome	C[C>T]C	0.04144302287110684	0.6975474200707974	0.26100955705809575
PD3905a_non-exome	C[C>T]G	0.07088041960497957	0.32848829209927155	0.6006312882957489
PD3905a_non-exome	C[C>T]T	0.0485161575444487	0.7749316158345394	0.17655222662101197
PD3905a_non-exome	C[T>A]A	0.007239849908800629	0.9316805285430254	0.06107962154817394
PD3905a_non-exome	C[T>A]C	0.011355374567184382	0.9109542160916407	0.07769040934117483
PD3905a_non-exome	C[T>A]G	0.005724832252001683	0.9369797612443798	0.05729540650361864
PD3905a_non-exome	C[T>A]T	0.00413109566009433	0.9265472266757365	0.06932167766416916
PD3905a_non-exome	C[T>C]A	0.006721584186888956	0.8615673693935949	0.13171104641951611
PD3905a_non-exome	C[T>C]C	0.011576294583277762	0.8717953395841527	0.11662836583256952
PD3905a_non-exome	C[T>C]G	0.022397252757839308	0.8333551325810676	0.1442476146610932
PD3905a_non-exome	C[T>C]T	0.010553838407956784	0.866518377573083	0.1229277840189602
PD3905a_non-exome	C[T>G]A	0.005014230860077062	0.877976874855929	0.11700889428399396
PD3905a_non-exome	C[T>G]C	0.009592547519164281	0.8939108787371756	0.09649657374366026
PD3905a_non-exome	C[T>G]G	0.010041396718837643	0.8919976919111172	0.0979609113700451
PD3905a_non-exome	C[T>G]T	0.005443797703659601	0.8466227441885494	0.14793345810779093
PD3905a_non-exome	G[C>A]A	0.01611299643392258	0.7730553412405607	0.21083166232551673
PD3905a_non-exome	G[C>A]C	0.01102523221063999	0.8638660133195842	0.12510875446977568
PD3905a_non-exome	G[C>A]G	0.03478780484773944	0.5449402568137078	0.42027193833855253
PD3905a_non-exome	G[C>A]T	0.009769615970225758	0.8297409898543943	0.16048939417538008
PD3905a_non-exome	G[C>G]A	0.019840589531578606	0.8760010468965682	0.10415836357185322
PD3905a_non-exome	G[C>G]C	0.01825489255495298	0.8552326114887563	0.1265124959562908
PD3905a_non-exome	G[C>G]G	0.025542760598031327	0.9332430536226339	0.041214185779334694
PD3905a_non-exome	G[C>G]T	0.022013833641207105	0.907088078552284	0.0708980878065089
PD3905a_non-exome	G[C>T]A	0.06030537443442197	0.7203497034312356	0.21934492213434248
PD3905a_non-exome	G[C>T]C	0.04145529668040228	0.7014497928796647	0.2570949104399331
PD3905a_non-exome	G[C>T]G	0.0410753714718408	0.38408728980507395	0.5748373387230852
PD3905a_non-exome	G[C>T]T	0.04074851875000524	0.7608434565569888	0.1984080246930058
PD3905a_non-exome	G[T>A]A	0.01117265990221836	0.9277751126292088	0.06105222746857275
PD3905a_non-exome	G[T>A]C	0.012272984130425206	0.875341579472328	0.11238543639724681
PD3905a_non-exome	G[T>A]G	0.018108716672478927	0.8934937283798687	0.08839755494765232
PD3905a_non-exome	G[T>A]T	0.005729214617467213	0.9391160232237458	0.05515476215878689
PD3905a_non-exome	G[T>C]A	0.011647961668874506	0.7910473594886106	0.19730467884251476
PD3905a_non-exome	G[T>C]C	0.01124624052083207	0.8195582977748815	0.16919546170428645
PD3905a_non-exome	G[T>C]G	0.016363006698280922	0.8126979826162453	0.17093901068547376
PD3905a_non-exome	G[T>C]T	0.010663958728040431	0.7633077204222757	0.22602832084968394
PD3905a_non-exome	G[T>G]A	0.008469070233355015	0.9267380547682442	0.06479287499840079
PD3905a_non-exome	G[T>G]C	0.013283978652381092	0.9120948165654309	0.07462120478218805
PD3905a_non-exome	G[T>G]G	0.028124953704268412	0.9014363921961924	0.07043865409953916
PD3905a_non-exome	G[T>G]T	0.011342660759806956	0.8665268077432627	0.12213053149693028
PD3905a_non-exome	T[C>A]A	0.1929591886079206	0.6151521504753118	0.19188866091676754
PD3905a_non-exome	T[C>A]C	0.0926240309877479	0.7319917814637699	0.1753841875484822
PD3905a_non-exome	T[C>A]G	0.12375496658876083	0.5474399084556109	0.32880512495562836
PD3905a_non-exome	T[C>A]T	0.08649142003573762	0.6886850556039222	0.22482352436034006
PD3905a_non-exome	T[C>G]A	0.6987182026487276	0.2902447951782915	0.011037002172980788
PD3905a_non-exome	T[C>G]C	0.27343505382897626	0.615487836695399	0.11107710947562464
PD3905a_non-exome	T[C>G]G	0.28076661541839504	0.6737738601735302	0.045459524408074804
PD3905a_non-exome	T[C>G]T	0.5458541039627776	0.42266000016736616	0.031485895869856305
PD3905a_non-exome	T[C>T]A	0.835393559026086	0.07115195570044956	0.0934544852734643
PD3905a_non-exome	T[C>T]C	0.37923861246937857	0.3693933827876562	0.2513680047429652
PD3905a_non-exome	T[C>T]G	0.41490146576834636	0.03682713156699515	0.5482714026646586
PD3905a_non-exome	T[C>T]T	0.587148771255345	0.27331347599412437	0.13953775275053062
PD3905a_non-exome	T[T>A]A	0.008377096297611571	0.6617952057338798	0.32982769796850864
PD3905a_non-exome	T[T>A]C	0.007416448255086891	0.8949843506431524	0.09759920110176076
PD3905a_non-exome	T[T>A]G	0.010254313860218661	0.8517184964224184	0.1380271897173628
PD3905a_non-exome	T[T>A]T	0.005455405525969235	0.8914456690264846	0.1030989254475461
PD3905a_non-exome	T[T>C]A	0.008726801974714708	0.7893156898740934	0.2019575081511918
PD3905a_non-exome	T[T>C]C	0.0155697310619806	0.7972978544526191	0.1871324144854001
PD3905a_non-exome	T[T>C]G	0.014626999965700573	0.789873343036144	0.1954996569981555
PD3905a_non-exome	T[T>C]T	0.011311531007771136	0.7738448686054021	0.21484360038682676
PD3905a_non-exome	T[T>G]A	0.006979452228392263	0.8937634165557248	0.09925713121588299
PD3905a_non-exome	T[T>G]C	0.007410593822127178	0.8755790945767774	0.11701031160109547
PD3905a_non-exome	T[T>G]G	0.0072027223884306235	0.8960106678323954	0.0967866097791741
PD3905a_non-exome	T[T>G]T	0.010385101466932162	0.8321704065656893	0.15744449196737845
PD3945a_non-exome	A[C>A]A	0.007143788808289358	0.8190093851161911	0.17384682607551938
PD3945a_non-exome	A[C>A]C	0.0033406699052104167	0.8442148236765372	0.15244450641825236
PD3945a_non-exome	A[C>A]G	0.009367373744576806	0.8067168553604865	0.18391577089493658
PD3945a_non-exome	A[C>A]T	0.004596820264948218	0.8745052602032721	0.12089791953177953
PD3945a_non-exome	A[C>G]A	0.012129205828351688	0.902434122024351	0.08543667214729724
PD3945a_non-exome	A[C>G]C	0.007246567488281365	0.8560228869683378	0.1367305455433809
PD3945a_non-exome	A[C>G]G	0.0035614309151642356	0.9212327665850988	0.07520580249973695
PD3945a_non-exome	A[C>G]T	0.01119290923243285	0.8948953369682173	0.09391175379934992
PD3945a_non-exome	A[C>T]A	0.015482434864314741	0.7420615412439963	0.2424560238916891
PD3945a_non-exome	A[C>T]C	0.015618758811797051	0.7697414156614116	0.21463982552679137
PD3945a_non-exome	A[C>T]G	0.012335475967348665	0.2868671160508216	0.7007974079818298
PD3945a_non-exome	A[C>T]T	0.010888523731869453	0.8543887261805194	0.134722750087611
PD3945a_non-exome	A[T>A]A	0.00920185534475127	0.8079240447966036	0.18287409985864503
PD3945a_non-exome	A[T>A]C	0.009594316028779882	0.7793543658766354	0.21105131809458463
PD3945a_non-exome	A[T>A]G	0.005076805212978839	0.8430242816139789	0.1518989131730422
PD3945a_non-exome	A[T>A]T	0.0030977274243385784	0.7572234225047256	0.23967885007093587
PD3945a_non-exome	A[T>C]A	0.0042419999103809865	0.7675826397277433	0.2281753603618757
PD3945a_non-exome	A[T>C]C	0.00469346643311049	0.8283578755983162	0.16694865796857333
PD3945a_non-exome	A[T>C]G	0.007643260014840893	0.8023614087883851	0.18999533119677398
PD3945a_non-exome	A[T>C]T	0.004572062548015968	0.8171340798588944	0.1782938575930897
PD3945a_non-exome	A[T>G]A	0.004360793160065533	0.7893241786966989	0.20631502814323555
PD3945a_non-exome	A[T>G]C	0.009132194567035288	0.7631597004036417	0.22770810502932307
PD3945a_non-exome	A[T>G]G	0.0032764665611408877	0.9579645510817784	0.03875898235708077
PD3945a_non-exome	A[T>G]T	0.0038722774163367593	0.8572171706149315	0.13891055196873178
PD3945a_non-exome	C[C>A]A	0.00677987969572587	0.8529333888937634	0.14028673141051087
PD3945a_non-exome	C[C>A]C	0.005085238660681272	0.9173857017587768	0.07752905958054185
PD3945a_non-exome	C[C>A]G	0.0059130925670574	0.8438562593893358	0.1502306480436068
PD3945a_non-exome	C[C>A]T	0.004585991662075471	0.8648953134384703	0.13051869489945414
PD3945a_non-exome	C[C>G]A	0.019692180108247696	0.9138029506419733	0.06650486924977907
PD3945a_non-exome	C[C>G]C	0.007835052672147192	0.9306066605342803	0.06155828679357242
PD3945a_non-exome	C[C>G]G	0.01002018335418954	0.8663215931332067	0.12365822351260371
PD3945a_non-exome	C[C>G]T	0.01809526925270089	0.8825617863497588	0.09934294439754024
PD3945a_non-exome	C[C>T]A	0.05096542265549906	0.6737859747878916	0.2752486025566093
PD3945a_non-exome	C[C>T]C	0.019778089887088093	0.6965789965019435	0.28364291361096833
PD3945a_non-exome	C[C>T]G	0.03334076677742398	0.3233202579337024	0.6433389752888736
PD3945a_non-exome	C[C>T]T	0.023414212123775053	0.7825646901354171	0.1940210977408079
PD3945a_non-exome	C[T>A]A	0.0034543607717005976	0.9301840045904575	0.06636163463784188
PD3945a_non-exome	C[T>A]C	0.005421705700055218	0.9101117955836578	0.08446649871628681
PD3945a_non-exome	C[T>A]G	0.0027302519872829402	0.9350479754967731	0.06222177251594388
PD3945a_non-exome	C[T>A]T	0.0019664618158364146	0.9228934088696846	0.07514012931447898
PD3945a_non-exome	C[T>C]A	0.003186394936957394	0.854635484715405	0.1421781203476375
PD3945a_non-exome	C[T>C]C	0.005508913006564911	0.8681096927103135	0.12638139428312162
PD3945a_non-exome	C[T>C]G	0.0106925865175811	0.8324954223161604	0.15681199116625866
PD3945a_non-exome	C[T>C]T	0.005016904522612	0.8619198671706092	0.13306322830677889
PD3945a_non-exome	C[T>G]A	0.002377973959444686	0.871263587136794	0.12635843890376122
PD3945a_non-exome	C[T>G]C	0.00456825799745317	0.890788505211513	0.1046432367910337
PD3945a_non-exome	C[T>G]G	0.004782514546844004	0.8889751526041617	0.1062423328489942
PD3945a_non-exome	C[T>G]T	0.002575294514879221	0.83806667940418	0.15935802608094074
PD3945a_non-exome	G[C>A]A	0.007622726510679289	0.7652587962143597	0.227118477274961
PD3945a_non-exome	G[C>A]C	0.005241267656990203	0.8593274779267758	0.13543125441623413
PD3945a_non-exome	G[C>A]G	0.016316422639653543	0.5348235604472912	0.4488600169130553
PD3945a_non-exome	G[C>A]T	0.004626977815518163	0.8222922318176078	0.17308079036687396
PD3945a_non-exome	G[C>G]A	0.009492902084766412	0.8770266126057237	0.11348048530950984
PD3945a_non-exome	G[C>G]C	0.008709794789137658	0.8538402277392283	0.13744997747163396
PD3945a_non-exome	G[C>G]G	0.012326427587709583	0.942383947109167	0.04528962530312344
PD3945a_non-exome	G[C>G]T	0.010575793451197931	0.9118648121268536	0.07755939442194845
PD3945a_non-exome	G[C>T]A	0.029173875108186337	0.7291975495019991	0.24162857538981453
PD3945a_non-exome	G[C>T]C	0.019790899758926436	0.7007221091594878	0.27948699108158565
PD3945a_non-exome	G[C>T]G	0.019071662204195976	0.3731648248468882	0.607763512948916
PD3945a_non-exome	G[C>T]T	0.019547380945696264	0.763722838542455	0.21672978051184869
PD3945a_non-exome	G[T>A]A	0.00534179217754648	0.9281899141753303	0.06646829364712337
PD3945a_non-exome	G[T>A]C	0.005844748416981544	0.8722820295345813	0.12187322204843712
PD3945a_non-exome	G[T>A]G	0.008668492858874647	0.8949755029168508	0.09635600422427464
PD3945a_non-exome	G[T>A]T	0.0027328633009573557	0.9373586373800252	0.05990849931901741
PD3945a_non-exome	G[T>C]A	0.005504211204501966	0.7821883805024745	0.21230740829302347
PD3945a_non-exome	G[T>C]C	0.005326335500231249	0.8122032458266105	0.18247041867315825
PD3945a_non-exome	G[T>C]G	0.0077690729445055754	0.8074190472559875	0.184811879799507
PD3945a_non-exome	G[T>C]T	0.005024081971223794	0.7524915609345662	0.24248435709420996
PD3945a_non-exome	G[T>G]A	0.004042128453482592	0.9255397826230634	0.07041808892345398
PD3945a_non-exome	G[T>G]C	0.006350638423228216	0.912416064314279	0.08123329726249272
PD3945a_non-exome	G[T>G]G	0.0135557032986174	0.9091363933761353	0.07730790332524737
PD3945a_non-exome	G[T>G]T	0.005394468816014123	0.862341852363066	0.13226367882091988
PD3945a_non-exome	T[C>A]A	0.1006510752649648	0.6714276453006054	0.22792127943442977
PD3945a_non-exome	T[C>A]C	0.045770132314955934	0.7568824113437599	0.1973474563412842
PD3945a_non-exome	T[C>A]G	0.0613258152413936	0.5676502913309086	0.3710238934276977
PD3945a_non-exome	T[C>A]T	0.0424080380982943	0.7065770553793636	0.25101490652234215
PD3945a_non-exome	T[C>G]A	0.5248842230575272	0.45623607225018714	0.01887970469228561
PD3945a_non-exome	T[C>G]C	0.15071336158831863	0.7098731660477984	0.139413472363883
PD3945a_non-exome	T[C>G]G	0.15649015527074103	0.7858134003478064	0.05769644438145248
PD3945a_non-exome	T[C>G]T	0.36342708034078375	0.5888376514079384	0.047735268251277836
PD3945a_non-exome	T[C>T]A	0.6978571606127274	0.12437296161343596	0.17776987777383665
PD3945a_non-exome	T[C>T]C	0.21990176994044142	0.4481970616717882	0.3319011683877704
PD3945a_non-exome	T[C>T]G	0.23838990599456286	0.04427662450053071	0.7173334695049065
PD3945a_non-exome	T[C>T]T	0.3975826668429773	0.3872612557424923	0.21515607741453038
