Sample Names	MutationType	SBS96A	SBS96B	SBS96C	SBS96D
PD3851a	A[C>A]A	0.002148769325315178	0.391717388776679	0.577975072990992	0.02815876890701371
PD3851a	A[C>A]C	0.0006150074990134923	0.4228911846330198	0.5229157699737097	0.05357803789425694
PD3851a	A[C>A]G	0.0034310882592139954	0.3141324179402069	0.6440501934693049	0.038386300331274194
PD3851a	A[C>A]T	0.0012462505878126054	0.5073592249450374	0.438207724522134	0.053186799945015996
PD3851a	A[C>G]A	0.006451949300477661	0.5463708687770336	0.3111781660517663	0.13599901587072266
PD3851a	A[C>G]C	0.0029731651694068634	0.4519809090441171	0.45804882162688487	0.08699710415959122
PD3851a	A[C>G]G	0.0006571190271879337	0.4899306672396906	0.39740564017543556	0.11200657355768606
PD3851a	A[C>G]T	0.005702225261588935	0.48148996682285305	0.37695900708850527	0.13584880082705267
PD3851a	A[C>T]A	0.0039843279584049675	0.3001287362492335	0.6682943337660662	0.027592602026295345
PD3851a	A[C>T]C	0.00413071953086523	0.23895928702265787	0.678792061824739	0.0781179316217378
PD3851a	A[C>T]G	0.001075365159923154	0.03110233198996865	0.9493189421286791	0.018503360721429173
PD3851a	A[C>T]T	0.0038962043523153448	0.4756725710687297	0.46104992117644444	0.05938130340251065
PD3851a	A[T>A]A	0.003129128500477537	0.3614656992062349	0.5721563619610858	0.0632488103322018
PD3851a	A[T>A]C	0.00218048723141785	0.2704113324974188	0.6689386848322769	0.0584694954388865
PD3851a	A[T>A]G	0.00166029415178716	0.4104346643263115	0.5449292947670609	0.04297574675484045
PD3851a	A[T>A]T	0.0004183703114847289	0.26732804163063256	0.6977335393539592	0.03452004870392343
PD3851a	A[T>C]A	0.0009035824607765856	0.27764770299865504	0.6711830048302778	0.05026570971029058
PD3851a	A[T>C]C	0.0015543886637035085	0.3825319026424216	0.5427234381735282	0.07319027052034663
PD3851a	A[T>C]G	0.0018229723804286933	0.26661525202601594	0.6608911501078237	0.07067062548573165
PD3851a	A[T>C]T	0.0009679580524077525	0.3330667060716705	0.5981582347826113	0.06780710109331044
PD3851a	A[T>G]A	0.0005935807592275722	0.2660935212674344	0.6677237563842994	0.0655891415890386
PD3851a	A[T>G]C	0.0021921570962783092	0.232960095503667	0.6785284927498539	0.08631925465020068
PD3851a	A[T>G]G	0.0012243370396035995	0.7657550624297994	0.040757183672442104	0.19226341685815485
PD3851a	A[T>G]T	0.00047535821268765194	0.29254519668116863	0.5406339780962378	0.16634546700990582
PD3851a	C[C>A]A	0.0021242437107514625	0.435307893524428	0.49964787533274335	0.06291998743207719
PD3851a	C[C>A]C	0.0026017688959701422	0.6520722144038446	0.26886223439667295	0.07646378230351235
PD3851a	C[C>A]G	0.003108546291043582	0.33178956669000387	0.607095961129037	0.05800592588991551
PD3851a	C[C>A]T	0.0016296011168374922	0.5096023804024425	0.4529605834080203	0.035807435072699595
PD3851a	C[C>G]A	0.01203036339396393	0.6668254681393666	0.1771540098769394	0.1439901585897299
PD3851a	C[C>G]C	0.003989587497134253	0.6659986047370651	0.2185271186530095	0.11148468911279123
PD3851a	C[C>G]G	0.003991941349231584	0.43555966495543635	0.46010138165073444	0.10034701204459766
PD3851a	C[C>G]T	0.008768152740229603	0.4914140670693267	0.3883288251579294	0.1114889550325143
PD3851a	C[C>T]A	0.012863379391535592	0.20854399409158267	0.7404432984238324	0.038149328093049294
PD3851a	C[C>T]C	0.004509803724331116	0.21239720790149622	0.7422720188105347	0.040820969563637885
PD3851a	C[C>T]G	0.003945666178468886	0.024072427752001347	0.9500935936376972	0.02188831243183258
PD3851a	C[C>T]T	0.007068038619294034	0.3169903456135318	0.628107576620141	0.04783403914703317
PD3851a	C[T>A]A	0.0017636739290158474	0.7256476458740254	0.16806922484071266	0.10451945535624606
PD3851a	C[T>A]C	0.002363126594009651	0.6782629405445534	0.23118468214989038	0.08818925071154651
PD3851a	C[T>A]G	0.001253000179503395	0.7464591900226041	0.14147078085523251	0.11081702894265992
PD3851a	C[T>A]T	0.0005318832711691909	0.6679297989207581	0.2488280058473554	0.08271031196071729
PD3851a	C[T>C]A	0.0008521103848873122	0.3892760955006332	0.5204179449714097	0.08945384914306988
PD3851a	C[T>C]C	0.0016420657019581952	0.4941953687689985	0.4568607831171696	0.04730178241187369
PD3851a	C[T>C]G	0.0035321865706222297	0.31826460798012995	0.5595382526445449	0.11866495280470288
PD3851a	C[T>C]T	0.0018179796395000228	0.4948749455982698	0.4168225980436665	0.08648447671856364
PD3851a	C[T>G]A	0.00023785432676547472	0.4121939913717336	0.4906496083612437	0.09691854594025706
PD3851a	C[T>G]C	0.0022830229812767235	0.534165419885324	0.35896122180932766	0.10459033532407151
PD3851a	C[T>G]G	0.0017176489901669875	0.44374078637852976	0.41142788849766365	0.14311367613363946
PD3851a	C[T>G]T	0.00022195839552891468	0.3672060156621021	0.5351420325878276	0.09742999335454144
PD3851a	G[C>A]A	0.0017794760364766443	0.2774651711436556	0.6938534148018494	0.026901938018018465
PD3851a	G[C>A]C	0.001705252345882574	0.47523539469354104	0.4870920975238702	0.035967255436706154
PD3851a	G[C>A]G	0.00346106812314059	0.12159289872030288	0.8493177550307341	0.025628278125822447
PD3851a	G[C>A]T	0.0014398756880372899	0.38159010856669595	0.5725478242248566	0.044422191520410124
PD3851a	G[C>G]A	0.0051550753740674206	0.48819357963669735	0.4175016619740422	0.08914968301519309
PD3851a	G[C>G]C	0.0030387280850934294	0.4223953576380177	0.5090817468096125	0.06548416746727632
PD3851a	G[C>G]G	0.008915667360005434	0.6168557469836923	0.178222583763168	0.19600600189313436
PD3851a	G[C>G]T	0.007225115075425245	0.7035258784504723	0.12596369878914696	0.16328530768495544
PD3851a	G[C>T]A	0.007825000699339451	0.27980365605938856	0.6814863894171206	0.0308849538241515
PD3851a	G[C>T]C	0.005133338385549109	0.21073160900923893	0.739914911748815	0.04422014085639697
PD3851a	G[C>T]G	0.0021702789481117353	0.03904500349388815	0.9334501826665974	0.025334534891402746
PD3851a	G[C>T]T	0.005633860540461832	0.28538511573765063	0.6682864395485038	0.04069458417338385
PD3851a	G[T>A]A	0.0028107729837154754	0.6554121924356217	0.2555113522470178	0.08626568233364505
PD3851a	G[T>A]C	0.001780866996501483	0.4874114050820269	0.4291877409449353	0.08161998697653641
PD3851a	G[T>A]G	0.0036951808649448013	0.5942150761726167	0.307382336604296	0.0947074063581426
PD3851a	G[T>A]T	0.0008564863048622665	0.5998463669206637	0.2991546006646508	0.10014254610982312
PD3851a	G[T>C]A	0.0013853906647428042	0.29368380828890756	0.6338777319446414	0.07105306910170833
PD3851a	G[T>C]C	0.0013820607481307067	0.32757948540493004	0.6218901836758596	0.04914827017107972
PD3851a	G[T>C]G	0.00242919455533826	0.26711103846256096	0.6411589181925552	0.08930084878954557
PD3851a	G[T>C]T	0.000768541708917562	0.2293135791465035	0.7335732141688514	0.03634466497572753
PD3851a	G[T>G]A	0.001963526960604211	0.581675191181126	0.26773195439561964	0.1486293274626501
PD3851a	G[T>G]C	0.0038754199945541293	0.549071481395992	0.2807915482544966	0.16626155035495724
PD3851a	G[T>G]G	0.007585524671267751	0.7365095574293473	0.10347757639147415	0.1524273415079108
PD3851a	G[T>G]T	0.0013866387660760504	0.4509125391518866	0.453672983115868	0.09402783896616937
PD3851a	T[C>A]A	0.02871402726232555	0.271521732365163	0.6639092327158724	0.035855007656639064
PD3851a	T[C>A]C	0.01426931926357606	0.26776626134398235	0.6500789635782974	0.06788545581414422
PD3851a	T[C>A]G	0.011750544180334561	0.15376568814859887	0.8238879646459845	0.010595803025082078
PD3851a	T[C>A]T	0.011391687974988672	0.25347980005939114	0.6944589775288326	0.040669534436787634
PD3851a	T[C>G]A	0.4266332745839437	7.356079465379049e-10	0.13422875518120275	0.4391379694992455
PD3851a	T[C>G]C	0.06514004494175277	0.23688852919466316	0.5172282659741271	0.18074315988945702
PD3851a	T[C>G]G	0.10295795582121602	0.26704119129976456	0.3213181244038801	0.3086827284751394
PD3851a	T[C>G]T	0.2497831668575545	0.16290250390312264	0.2696499434240869	0.317664385815236
PD3851a	T[C>T]A	0.19776359319133407	0.2015758214843902	0.5981096714394044	0.002550913884871431
PD3851a	T[C>T]C	0.04558797339697628	0.17515182813257224	0.7647344236861321	0.014525774784319292
PD3851a	T[C>T]G	0.025737708912797218	0.0009601738645219476	0.955933381959051	0.017368735263629833
PD3851a	T[C>T]T	0.10065217731791107	0.22400629913610398	0.6651187745853464	0.01022274896063851
PD3851a	T[T>A]A	0.0005968254936105662	0.16396868454351538	0.8053057680877916	0.030128721875082497
PD3851a	T[T>A]C	0.0012585593475630454	0.4752652094044527	0.45575607805184604	0.06772015319613821
PD3851a	T[T>A]G	0.0014922533995341397	0.47467848456909895	0.45277906855682865	0.07105019347453834
PD3851a	T[T>A]T	0.0006407434020854047	0.5144625639085202	0.4211823898214236	0.0637143028679707
PD3851a	T[T>C]A	0.0007111924722189929	0.2894894607353259	0.661351640666461	0.04844770612599412
PD3851a	T[T>C]C	0.0016415194515033765	0.27474580232133305	0.6742562779321712	0.04935640029499225
PD3851a	T[T>C]G	0.0016716508924582054	0.33963483323106913	0.6141793205273478	0.044514195349124916
PD3851a	T[T>C]T	0.000832406358566323	0.2695182174378105	0.6854069279099817	0.04424244829364154
PD3851a	T[T>G]A	0.001143961214247068	0.4538261253403746	0.43504056353399	0.10998934991138845
PD3851a	T[T>G]C	0.0005847473589543701	0.4391221992266558	0.4868028253099191	0.07349022810447065
PD3851a	T[T>G]G	0.0008766824953094848	0.47667259033010884	0.4081240260556486	0.11432670111893307
PD3851a	T[T>G]T	0.001115612321453863	0.29543362371779136	0.6187069049820326	0.08474385897872215
PD3890a	A[C>A]A	0.010780826322575857	0.5850051630203826	0.12571150988732638	0.2785025007697151
PD3890a	A[C>A]C	0.002413861058863246	0.49406613129236593	0.08897485250272633	0.41454515514604456
PD3890a	A[C>A]G	0.017110258480966818	0.4662963671885713	0.13923488989960123	0.3773584844308607
PD3890a	A[C>A]T	0.00451356220125392	0.5469582924385494	0.06880147747201398	0.37972666788818266
PD3890a	A[C>G]A	0.014316304748902966	0.36087111245127695	0.02993317505453216	0.5948794077452879
PD3890a	A[C>G]C	0.009040665732470294	0.40909677988609766	0.060380516806038675	0.5214820375753932
PD3890a	A[C>G]G	0.0017089414250376586	0.3792646398746253	0.04480441810261167	0.5742220005977254
PD3890a	A[C>G]T	0.013164106261863762	0.33087110780126794	0.037726352164775004	0.6182384337720932
PD3890a	A[C>T]A	0.02255028346596391	0.5056256535218223	0.16397150602762	0.30785255698459374
PD3890a	A[C>T]C	0.015968411422289868	0.27496949334228576	0.11375655733409203	0.5953055379013324
PD3890a	A[C>T]G	0.01222513703820028	0.10524835605958728	0.4678575053335444	0.4146690015686681
PD3890a	A[C>T]T	0.013790315812451003	0.501147061610517	0.07074310491683648	0.4143195176601955
PD3890a	A[T>A]A	0.01202538057310184	0.4134920055583565	0.09532215295024099	0.47916046091830067
PD3890a	A[T>A]C	0.009608532391555045	0.3546933066395294	0.12778900915339156	0.507909151815524
PD3890a	A[T>A]G	0.007151104983183036	0.5262071476359754	0.10174942213882904	0.36489232524201254
PD3890a	A[T>A]T	0.002346582500645799	0.4463176690502364	0.1696556193102525	0.3816801291388653
PD3890a	A[T>C]A	0.004267523079493014	0.3903253566443626	0.13742087748016316	0.46798624279598133
PD3890a	A[T>C]C	0.005488119903510499	0.4020279298831463	0.08307038600442394	0.5094135642089193
PD3890a	A[T>C]G	0.007316820414103885	0.31853113653436327	0.11499419658170629	0.5591578464698266
PD3890a	A[T>C]T	0.003727089305650329	0.38174123854357866	0.09984654191263619	0.5146851302381348
PD3890a	A[T>G]A	0.00249359112924688	0.3327394727887777	0.12160346144422356	0.5431634746377518
PD3890a	A[T>G]C	0.008085791664514758	0.2557743580719674	0.1084982273877082	0.6276416228758097
PD3890a	A[T>G]G	0.002007316202125859	0.373705313170134	0.002896827591302466	0.6213905430364377
PD3890a	A[T>G]T	0.0010830434971670197	0.19840036348989873	0.0533988512894901	0.7471177417234441
PD3890a	C[C>A]A	0.007657857882531387	0.4671153055823998	0.07808555226327697	0.44714128427179184
PD3890a	C[C>A]C	0.007245486894215394	0.5405291834898152	0.032458791140759134	0.4197665384752104
PD3890a	C[C>A]G	0.012816862802987135	0.40720370029403924	0.10851391192622371	0.47146552497675
PD3890a	C[C>A]T	0.00669122391511984	0.6228454437338813	0.08062845559738926	0.2898348767536096
PD3890a	C[C>G]A	0.023962600044024507	0.3953593060192104	0.015297126571414476	0.5653809673653506
PD3890a	C[C>G]C	0.009246370032501363	0.4594531028919646	0.021955953125325733	0.5093445739502082
PD3890a	C[C>G]G	0.011360035205110178	0.36895022080677414	0.056761353500700114	0.5629283904874155
PD3890a	C[C>G]T	0.022387332363645446	0.37347919903902393	0.042983081693334514	0.5611503869039962
PD3890a	C[C>T]A	0.07058393220786573	0.340622279807146	0.17613524063529615	0.4126585473496922
PD3890a	C[C>T]C	0.025001463348124583	0.35049448233669145	0.1783916643668586	0.44611238994832536
PD3890a	C[C>T]G	0.0413385805123403	0.07507229741166979	0.4315243333608862	0.45206478871510375
PD3890a	C[C>T]T	0.0317024910873841	0.4232189494760008	0.12213276449689524	0.42294579493971984
PD3890a	C[T>A]A	0.004091220622615592	0.501054526092063	0.016901547948209	0.4779527053371126
PD3890a	C[T>A]C	0.006088545309531647	0.5201747141505345	0.02582196510459518	0.4479147754353387
PD3890a	C[T>A]G	0.002796669686887612	0.4959303707403216	0.013688645375697023	0.48758431419709375
PD3890a	C[T>A]T	0.001425258129754096	0.5327612257341336	0.028905476629634056	0.4369080395064783
PD3890a	C[T>C]A	0.0026997422801098075	0.36712062115598315	0.07147964604120252	0.5586999905227046
PD3890a	C[T>C]C	0.006272278125770922	0.5618987202080502	0.07565233508653749	0.35617666657964137
PD3890a	C[T>C]G	0.009909374489499141	0.265775869025164	0.068051243997884	0.656263512487453
PD3890a	C[T>C]T	0.005383723091396942	0.43622822320652394	0.05351168609685933	0.5048763676052198
PD3890a	C[T>G]A	0.0007094648549154998	0.3659705016415195	0.06344464432743982	0.5698753891761252
PD3890a	C[T>G]C	0.005960508833137982	0.4151197696169646	0.04062788996225329	0.5382918315876442
PD3890a	C[T>G]G	0.003959914872194792	0.30451267491833267	0.041119595931823044	0.6504078142776495
PD3890a	C[T>G]T	0.0006833932787651248	0.3365375338121176	0.0714285559646934	0.5913505169444239
PD3890a	G[C>A]A	0.010624882892819189	0.49313414924802657	0.17959879485239993	0.31664217300675424
PD3890a	G[C>A]C	0.007250726973382109	0.6014870330637091	0.08978580073717754	0.3014764392257314
PD3890a	G[C>A]G	0.027253579564404044	0.28500088624969805	0.2899260826392499	0.397819451546648
PD3890a	G[C>A]T	0.006331478260568374	0.4994612778247674	0.10914292030717439	0.38506432360748993
PD3890a	G[C>G]A	0.0149720868544067	0.4220500693230652	0.05256651758147826	0.5104113262410499
PD3890a	G[C>G]C	0.010855367161941524	0.44915517516042003	0.078839503955769	0.4611499537218695
PD3890a	G[C>G]G	0.015197749057823132	0.3129922772041401	0.013170183561801727	0.6586397901762351
PD3890a	G[C>G]T	0.01328185241288583	0.38496261235485163	0.010038364619085086	0.5917171706131774
PD3890a	G[C>T]A	0.0431036546555478	0.4587833925435661	0.1627386002060156	0.33537435259487053
PD3890a	G[C>T]C	0.027435170161732213	0.33524479360449166	0.1714325260786966	0.4658875101550795
PD3890a	G[C>T]G	0.020827819032346317	0.11153683019903184	0.3883497794839964	0.4792855712846254
PD3890a	G[C>T]T	0.02820104189959065	0.42522126423146456	0.14501916169889695	0.4015585321700479
PD3890a	G[T>A]A	0.007415600312907403	0.5147065012284088	0.029223647719136544	0.4486542507395473
PD3890a	G[T>A]C	0.005456611125528589	0.4445409772938024	0.05700887978096318	0.4929935317997059
PD3890a	G[T>A]G	0.009709001446684422	0.4647368671001441	0.03501236547350511	0.4905417659796664
PD3890a	G[T>A]T	0.0021973106548412663	0.4580740246500828	0.03327134861547845	0.5064573160795974
PD3890a	G[T>C]A	0.005404278272757163	0.34101229985664283	0.10719502299209585	0.5463883988785041
PD3890a	G[T>C]C	0.006204921261522805	0.43777447163007754	0.12103933355236918	0.4349812735560305
PD3890a	G[T>C]G	0.008500453690571718	0.27822505477613824	0.09726333890844752	0.6160111526248426
PD3890a	G[T>C]T	0.004455974283854744	0.3957579074879591	0.18438363780436298	0.41540248042382333
PD3890a	G[T>G]A	0.004093184161174951	0.3609354601832807	0.02419514919461166	0.6107762064609328
PD3890a	G[T>G]C	0.0076402391288518555	0.3222119604515538	0.023998046337346937	0.6461497540822474
PD3890a	G[T>G]G	0.014264315921645693	0.41225725266834184	0.008435585896585374	0.5650428455134271
PD3890a	G[T>G]T	0.004070792047691163	0.39403290140506103	0.057738058622599085	0.5441582479246488
PD3890a	T[C>A]A	0.13738871904303232	0.3867106707462342	0.13771122903852412	0.3381893811722094
PD3890a	T[C>A]C	0.05574432111201699	0.31137075855282315	0.11009489163873117	0.5227900286964287
PD3890a	T[C>A]G	0.10296192245058572	0.4010538534134367	0.312961202601265	0.18302302153471253
PD3890a	T[C>A]T	0.05779034759478216	0.3827676059256394	0.15272759127745017	0.40671445520212834
PD3890a	T[C>G]A	0.3286532381040582	1.686763510135271e-10	0.004482625256161432	0.666864136471104
PD3890a	T[C>G]C	0.1266392324524737	0.1370846543719926	0.04359193491047486	0.6926841782650588
PD3890a	T[C>G]G	0.12791672024397505	0.09875753817220648	0.017306382880787008	0.7560193587030314
PD3890a	T[C>G]T	0.2668123675892069	0.051795871289779305	0.012486674843075952	0.6689050862779379
PD3890a	T[C>T]A	0.6849601607015348	0.20781744478192093	0.08980561125793748	0.017416783258606756
PD3890a	T[C>T]C	0.2857979446863957	0.326849694822886	0.20783712923421682	0.17951523125650143
PD3890a	T[C>T]G	0.2530657491805606	0.002810204727323845	0.40746920616427834	0.33665483992783723
PD3890a	T[C>T]T	0.46530047033698924	0.30824436261440963	0.13329479914318598	0.0931603679054153
PD3890a	T[T>A]A	0.0041530372680037625	0.3396283764986645	0.2429310080421163	0.4132875781912155
PD3890a	T[T>A]C	0.004252149542567276	0.47796428752510167	0.06675302934251268	0.4510305335898184
PD3890a	T[T>A]G	0.004933453710255141	0.46712447423169345	0.06489309719082213	0.4630489748672293
PD3890a	T[T>A]T	0.002152774272901063	0.5145087011578374	0.06134628054597676	0.4219922440232848
PD3890a	T[T>C]A	0.00336966915193366	0.40827939489692355	0.13584267540502457	0.45250826054611815
PD3890a	T[T>C]C	0.007818639643801348	0.38952992193600244	0.13922391522918387	0.46342752319101244
PD3890a	T[T>C]G	0.0076983231368093095	0.46557255554776483	0.12261664298608849	0.4041124783293374
PD3890a	T[T>C]T	0.004204357527749885	0.40520702956765514	0.15007778837175267	0.44051082453284235
PD3890a	T[T>G]A	0.003075883892911491	0.3632224848965943	0.05070982020139099	0.5829918110091032
PD3890a	T[T>G]C	0.001967057092504495	0.43970224519448065	0.07099135514010504	0.4873393425729098
PD3890a	T[T>G]G	0.002272201089071548	0.3677470541751471	0.045856433134308254	0.5841243116014732
PD3890a	T[T>G]T	0.003943029178732508	0.3108144521506659	0.09479934390744003	0.5904431747631615
PD3904a	A[C>A]A	0.012221270818579544	0.7525879834549145	0.17689514310607768	0.05829560262042838
PD3904a	A[C>A]C	0.0032181078118250855	0.7474922029361143	0.14724214843472877	0.10204754081733174
PD3904a	A[C>A]G	0.021691760642584334	0.6708625173529608	0.21911033200840627	0.08833538999604863
PD3904a	A[C>A]T	0.005781130639917846	0.7950250724690333	0.1093874917860561	0.08980630510499284
PD3904a	A[C>G]A	0.025079156590627587	0.7174099128981063	0.06508955854787758	0.1924213719633885
PD3904a	A[C>G]C	0.01402656101639231	0.7202945298814664	0.11628512582187933	0.14939378328026212
PD3904a	A[C>G]G	0.0028781862962769856	0.7248820406289694	0.09366753970458219	0.1785722333701713
PD3904a	A[C>G]T	0.023950664095686837	0.6831534854532201	0.08520155930521105	0.207694291145882
PD3904a	A[C>T]A	0.026321204310100748	0.6697552296483109	0.23757387659330015	0.06634968944828809
PD3904a	A[C>T]C	0.0275725719271963	0.5388071379910724	0.24381956554157572	0.1898007245401557
PD3904a	A[C>T]G	0.015494795150156719	0.15138424747394738	0.7360753119954258	0.09704564538047024
PD3904a	A[C>T]T	0.018465220218623724	0.7615154694356496	0.11758202747316306	0.10243728287256357
PD3904a	A[T>A]A	0.01747697103966567	0.6819738414181095	0.17196407492382085	0.1285851126184039
PD3904a	A[T>A]C	0.014459014779076823	0.605714399950215	0.2386996014186423	0.14112698385206596
PD3904a	A[T>A]G	0.008961420024086538	0.7483309108943117	0.15827494777623094	0.08443272130537084
PD3904a	A[T>A]T	0.0029706822820512358	0.6412062116870325	0.2666030878509717	0.08922001817994454
PD3904a	A[T>C]A	0.0060599659630889745	0.6290053420990466	0.24222756959518196	0.12270712234268255
PD3904a	A[T>C]C	0.008329202728050893	0.692419562930447	0.15649577530583292	0.14275545903566914
PD3904a	A[T>C]G	0.011901398095350103	0.5879775444227422	0.23218173809311107	0.16793931938879655
PD3904a	A[T>C]T	0.005682270579530701	0.6604720619998821	0.1889564352552872	0.14488923216530009
PD3904a	A[T>G]A	0.0039496908862390115	0.5981022691115351	0.23908941471140638	0.1588586252908195
PD3904a	A[T>G]C	0.014730396470294099	0.5287886861809438	0.2453528345196384	0.2111280828291236
PD3904a	A[T>G]G	0.0036869680464422985	0.7789617246763249	0.006604695198345297	0.2107466120788875
PD3904a	A[T>G]T	0.002515943819555081	0.5230350172746866	0.15397971189894719	0.320469327006811
PD3904a	C[C>A]A	0.010676719771050648	0.7390739615134243	0.135138089857253	0.11511122885827202
PD3904a	C[C>A]C	0.009811651573651554	0.830666987909688	0.05456113945422971	0.1049602210624309
PD3904a	C[C>A]G	0.01839707385390012	0.6633030503351152	0.1933432365660683	0.12495663924491639
PD3904a	C[C>A]T	0.007716605506974489	0.8151439120967293	0.1154212103982549	0.06171827199804121
PD3904a	C[C>G]A	0.04020469427053896	0.7527799667231403	0.031858786756328306	0.1751565522499923
PD3904a	C[C>G]C	0.014182563510599655	0.799756758150876	0.041803467827435305	0.1442572105110892
PD3904a	C[C>G]G	0.018793720751325467	0.6926823620477134	0.11656344734532025	0.1719604698556409
PD3904a	C[C>G]T	0.03711459986849748	0.7026549612222535	0.08845380775845339	0.17177663115079575
PD3904a	C[C>T]A	0.09386569956862814	0.5140523937799237	0.2907527808802882	0.10132912577115993
PD3904a	C[C>T]C	0.03441044243617407	0.5474434646799458	0.30477260924086924	0.11337348364301086
PD3904a	C[C>T]G	0.055439160180881575	0.11425469413508084	0.7183612894804053	0.11194485620363223
PD3904a	C[C>T]T	0.04274382979873419	0.6475576076451072	0.20440371195134144	0.10529485060481722
PD3904a	C[T>A]A	0.0059993975045398934	0.8338213098883644	0.030765060118544945	0.12941423248855063
PD3904a	C[T>A]C	0.008561419998164519	0.8300700801610099	0.04507109385944718	0.11629740598137835
PD3904a	C[T>A]G	0.004157879491509652	0.8367287477763646	0.025262000734844994	0.13385137199728073
PD3904a	C[T>A]T	0.0019724675023162215	0.836723952521527	0.04965614638759901	0.11164743358855762
PD3904a	C[T>C]A	0.0044170342099040414	0.6816328256393945	0.14516683096526123	0.16878330918544016
PD3904a	C[T>C]C	0.007805131135509747	0.7934986674964	0.11685674418657564	0.08183945718151465
PD3904a	C[T>C]G	0.01916074596288168	0.5831965965373992	0.16333482376345715	0.23430783373626185
PD3904a	C[T>C]T	0.008156175575391781	0.7499820594220099	0.10063036208630916	0.14123140291628924
PD3904a	C[T>G]A	0.0011824301399999974	0.6921878127897014	0.13125507965571387	0.17537467741458473
PD3904a	C[T>G]C	0.009508229887686981	0.7514896724338402	0.08044835221119344	0.15855374546727946
PD3904a	C[T>G]G	0.0076054274252365306	0.663707023092041	0.09803093907980194	0.2306566104029205
PD3904a	C[T>G]T	0.0011773431146338057	0.6579594294387192	0.15274983979838402	0.18811338764826296
PD3904a	G[C>A]A	0.012475580441852027	0.657105268768843	0.26176801215600504	0.06865113863329986
PD3904a	G[C>A]C	0.008461007104343539	0.7965261516929774	0.13005429998106569	0.06495854122161349
PD3904a	G[C>A]G	0.03476114467145547	0.412524731372406	0.45902290049458017	0.09369122346155848
PD3904a	G[C>A]T	0.00812021186619893	0.7269379248676133	0.1737538188514852	0.0911880444147026
PD3904a	G[C>G]A	0.022913188233889895	0.7329940061634002	0.09985939716304526	0.14423340843966476
PD3904a	G[C>G]C	0.01542861941415639	0.7244563431015769	0.13909226525512497	0.12102277222914179
PD3904a	G[C>G]G	0.029895830039423376	0.6987120461927147	0.0321587916989129	0.23923333206894892
PD3904a	G[C>G]T	0.023225264039374437	0.7639304568379521	0.02178921199292776	0.19105506712974563
PD3904a	G[C>T]A	0.05207761968356555	0.6290395935507063	0.24406424196146	0.07481854480426821
PD3904a	G[C>T]C	0.03882113730243457	0.5383390706125465	0.301113598295354	0.12172619378966484
PD3904a	G[C>T]G	0.02900968450892277	0.17629937411113064	0.671427030250194	0.12326391112975245
PD3904a	G[C>T]T	0.03686813533405189	0.6308618365128033	0.23533577783672646	0.09693425031641834
PD3904a	G[T>A]A	0.010435082673494795	0.8219445047486982	0.051045863174750905	0.11657454940305613
PD3904a	G[T>A]C	0.008123187083789094	0.7510148311996282	0.10534708102083724	0.13551490069574534
PD3904a	G[T>A]G	0.014466276347316493	0.7858190984402648	0.06475602655252424	0.13495859865989449
PD3904a	G[T>A]T	0.003345214483733721	0.7914098199229688	0.06287521160762116	0.1423697539856764
PD3904a	G[T>C]A	0.008628241655654968	0.6178569025660878	0.212439742631522	0.16107511314673506
PD3904a	G[T>C]C	0.008458510380898877	0.6772379816192865	0.20481449245563688	0.1094890155441778
PD3904a	G[T>C]G	0.015214212759365433	0.565115056486829	0.21608921992221614	0.20358151083158943
PD3904a	G[T>C]T	0.0058696532577850085	0.5916060876670153	0.30148707476970527	0.1010371843054946
PD3904a	G[T>G]A	0.007355130625315135	0.7360239036376274	0.053967705958122524	0.202653259778935
PD3904a	G[T>G]C	0.014625363962475135	0.699962301854029	0.05702327633757204	0.22838905784592392
PD3904a	G[T>G]G	0.023896791285433684	0.7837728378692917	0.01754205392106172	0.17478831692421287
PD3904a	G[T>G]T	0.006530181902081627	0.7173186301048682	0.11497014699981856	0.16118104099323166
PD3904a	T[C>A]A	0.16969350830483954	0.542042790602879	0.21113491436284554	0.07712878672943593
PD3904a	T[C>A]C	0.08678974599958815	0.5501471578469236	0.2127705435112286	0.15029255264225963
PD3904a	T[C>A]G	0.10502399984090965	0.46424567592713123	0.3962588377949662	0.03447148643699299
PD3904a	T[C>A]T	0.07635658398689764	0.5739309196789223	0.2504870249210769	0.09922547141310323
PD3904a	T[C>G]A	0.7186001746621961	4.1853989643493687e-10	0.012166296171660769	0.2692335287476033
PD3904a	T[C>G]C	0.2727996684952733	0.3351179358522974	0.11656234151840442	0.27552005413402486
PD3904a	T[C>G]G	0.31893902196116886	0.27943696780881844	0.053562790923026585	0.34806121930698614
PD3904a	T[C>G]T	0.5742800125634211	0.12651620315326342	0.03336115632954475	0.26584262795377067
PD3904a	T[C>T]A	0.6614837236615864	0.22775562569878605	0.10765491721527316	0.003105733424354384
PD3904a	T[C>T]C	0.3015210799527473	0.39132710032430224	0.2721812860343501	0.03497053368860034
PD3904a	T[C>T]G	0.3070409434234093	0.003869315508168021	0.6136691098696917	0.07542063119873102
PD3904a	T[C>T]T	0.4663413724515035	0.350589463643412	0.16582889527513686	0.017240268629947736
PD3904a	T[T>A]A	0.0054115596792076595	0.5022198284290617	0.3929308468037501	0.0994377650879806
PD3904a	T[T>A]C	0.005965372391984105	0.760952837605564	0.11624560914590132	0.11683618085655055
PD3904a	T[T>A]G	0.007036776371459536	0.756116257591416	0.11489410388437168	0.12195286215275288
PD3904a	T[T>A]T	0.0029087428408984626	0.7889197325768948	0.10288963275597694	0.10528189182622981
PD3904a	T[T>C]A	0.004687415300319124	0.6445207383375086	0.23456269646127867	0.11622914990089364
PD3904a	T[T>C]C	0.01103921507958545	0.6241386594714166	0.24400424863434605	0.12081787681465199
PD3904a	T[T>C]G	0.01009127590851836	0.6925810076957102	0.19951516590777266	0.09781255048799885
PD3904a	T[T>C]T	0.005746181243098236	0.6284777590693847	0.2546083538634779	0.11116770582403923
PD3904a	T[T>G]A	0.005250133263944833	0.703568483490167	0.10744074424463111	0.18374063900125698
PD3904a	T[T>G]C	0.0028967162360635005	0.734819941927735	0.1297690133837031	0.13251432845249858
PD3904a	T[T>G]G	0.0038882030277419596	0.7141420983850172	0.0974044928084341	0.18456520577880678
PD3904a	T[T>G]T	0.006759116903446616	0.6046366016747119	0.20171669628806224	0.18688758513377926
PD3905a	A[C>A]A	0.009834671495485786	0.6490721564596389	0.1483839064108723	0.19270926563400304
PD3905a	A[C>A]C	0.0023369957449385532	0.5817765458763502	0.11145944577787652	0.30442701260083477
PD3905a	A[C>A]G	0.016285603229054733	0.5398023656824703	0.17147440499604444	0.2724376260924305
PD3905a	A[C>A]T	0.004311738885319692	0.6354958282349803	0.08504224857691661	0.2751501843027834
PD3905a	A[C>G]A	0.015178668757638864	0.4653506656993853	0.04106383289348497	0.4784068326494908
PD3905a	A[C>G]C	0.00922245991723622	0.5075722818625455	0.07969794800528918	0.403507310214929
PD3905a	A[C>G]G	0.0017866187289122177	0.4822503273194641	0.06060793619996356	0.45535511775166004
PD3905a	A[C>G]T	0.014104181395570733	0.43116234296677725	0.05230043119426262	0.5024330444433894
PD3905a	A[C>T]A	0.020818264198046808	0.5677368485327803	0.1958686117680442	0.2155762755011288
PD3905a	A[C>T]C	0.016824039389852156	0.35235346652211225	0.15507755769196044	0.4757449363960751
PD3905a	A[C>T]G	0.011531697821520484	0.12074810137697974	0.5710275576956514	0.2966926431058485
PD3905a	A[C>T]T	0.01340013137364832	0.5922778682175336	0.08894528082626132	0.3053767195825568
PD3905a	A[T>A]A	0.012004636763267643	0.5020451588794662	0.1231254941067729	0.3628247102504932
PD3905a	A[T>A]C	0.009689807064729349	0.4350473589534958	0.16674603796717674	0.38851679601459804
PD3905a	A[T>A]G	0.006774534143110394	0.6063012969258958	0.12472174629096495	0.26220242264002885
PD3905a	A[T>A]T	0.00222590743100816	0.5149212609859318	0.20823008193768078	0.27462274964537925
PD3905a	A[T>C]A	0.00421779684491252	0.4692043355781551	0.17573831008857305	0.3508395574883594
PD3905a	A[T>C]C	0.005552853460702588	0.4947369180077888	0.1087533889972057	0.3909568395343029
PD3905a	A[T>C]G	0.0075613870891214205	0.4003653085646234	0.15376551547973938	0.4383077888665158
PD3905a	A[T>C]T	0.003773836468240706	0.4701190265804009	0.13081280413514798	0.39529433281621046
PD3905a	A[T>G]A	0.0025535134402206536	0.41442190248699096	0.16112494812902925	0.4218996359437591
PD3905a	A[T>G]C	0.008642014349800935	0.33248718528574756	0.15004413638098474	0.5088266639834669
PD3905a	A[T>G]G	0.002154667283249788	0.4878869165306473	0.004023379743941951	0.5059350364421609
PD3905a	A[T>G]T	0.0012332759707291967	0.2747782202879578	0.0786774425916787	0.6453110611496343
PD3905a	C[C>A]A	0.0075373323354443805	0.5591906899504122	0.09944546846582936	0.33382650924831414
PD3905a	C[C>A]C	0.00706830470680774	0.6413458766180818	0.04097169950440074	0.3106141191707096
PD3905a	C[C>A]G	0.012739110059938202	0.49225999421674355	0.1395554250412279	0.3554454706820903
PD3905a	C[C>A]T	0.006147748399603433	0.6960112927576887	0.09585236055162108	0.20198859829108678
PD3905a	C[C>G]A	0.02513210242141927	0.5043271164884693	0.020759108149823183	0.44978167294028815
PD3905a	C[C>G]C	0.009408043082405965	0.5685840713919942	0.02890575200239209	0.3931021335232078
PD3905a	C[C>G]G	0.011826795933705387	0.46717616021396985	0.07646172971139252	0.44453531414093217
PD3905a	C[C>G]T	0.023371437154942873	0.4742146459576111	0.05806100790364695	0.4443529089837992
PD3905a	C[C>T]A	0.06880999976119072	0.40387245171942315	0.22217537085469577	0.30514217766469026
PD3905a	C[C>T]C	0.024499234838413327	0.4177281565438524	0.2261859366244262	0.3315866719933081
PD3905a	C[C>T]G	0.03998321243883839	0.08831354202956179	0.5400467595405433	0.33165648599105646
PD3905a	C[C>T]T	0.030920624351299792	0.5020482326036813	0.154131357174077	0.3128997858709419
PD3905a	C[T>A]A	0.004099801096092429	0.6106893539703736	0.02191494165013297	0.363295903283401
PD3905a	C[T>A]C	0.0060168401728502895	0.6252153648881683	0.03301780303119864	0.33574999190778265
PD3905a	C[T>A]G	0.0028148853808772877	0.6071076675296222	0.017827233894595656	0.3722502131949049
PD3905a	C[T>A]T	0.0013997772299540537	0.6363901943385254	0.036732414984216095	0.3254776134473044
PD3905a	C[T>C]A	0.0027962553243479626	0.4624755395587895	0.09579456260541203	0.43893364251145056
PD3905a	C[T>C]C	0.005929890457629888	0.6461076426853946	0.09254386855932199	0.2554185982976535
PD3905a	C[T>C]G	0.010782769779407236	0.35174271422377484	0.09581292741587563	0.5416615885809422
PD3905a	C[T>C]T	0.00544830501121043	0.5369303224962759	0.07006986540987654	0.3875515070826372
PD3905a	C[T>G]A	0.0007388904674269169	0.46357577251062987	0.08549645225905401	0.4501888847628891
PD3905a	C[T>G]C	0.006133942088027666	0.5195833483575116	0.054098416412081685	0.42018429314237904
PD3905a	C[T>G]G	0.004300158294171533	0.40218830643671344	0.05777652012502983	0.5357350151440852
PD3905a	C[T>G]T	0.0007186264280695895	0.4304190271616605	0.09718702795360132	0.4716753184566687
PD3905a	G[C>A]A	0.009810909076058427	0.5538289444308968	0.21458159370092164	0.22177855279212308
PD3905a	G[C>A]C	0.006690938594892007	0.6750830961840113	0.10720550867289555	0.21102045654820117
PD3905a	G[C>A]G	0.025936542034131007	0.3298832043927429	0.35700948854145587	0.2871707650316704
PD3905a	G[C>A]T	0.006046656075425704	0.5801461885796755	0.13486823271184956	0.27893892263304926
PD3905a	G[C>G]A	0.015223798645836862	0.5219514897853879	0.0691598192792907	0.3936648922894846
PD3905a	G[C>G]C	0.010759124477000821	0.5414449345242479	0.10110677255999229	0.34668916843875897
PD3905a	G[C>G]G	0.016654924492891077	0.4171790520247082	0.018674938332564485	0.5474910851498364
PD3905a	G[C>G]T	0.014080019044155687	0.4963506753354204	0.01376928876560365	0.47580001685482026
PD3905a	G[C>T]A	0.04043272050887866	0.5234220691712894	0.19752105419015295	0.238624156129679
PD3905a	G[C>T]C	0.02715328631303643	0.4035545561861672	0.21953911787282362	0.3497530396279728
PD3905a	G[C>T]G	0.020369078960316537	0.1326695836850591	0.4914220151987243	0.3555393221559002
PD3905a	G[C>T]T	0.027178833789756995	0.4984322222503146	0.180840210429952	0.2935487335299764
PD3905a	G[T>A]A	0.0073308840051026555	0.6188639140687444	0.037380784121149514	0.3364244178050035
PD3905a	G[T>A]C	0.005490424077636594	0.5440266294217165	0.0742214343541041	0.3762615121465428
PD3905a	G[T>A]G	0.009783985442882039	0.5696050489778195	0.04565271754916761	0.3749582480301309
PD3905a	G[T>A]T	0.0022272896772765503	0.5647371793700061	0.04363747338597633	0.38939805756674095
PD3905a	G[T>C]A	0.005552480042186771	0.4261326578291369	0.1425042688233214	0.4258105933053549
PD3905a	G[T>C]C	0.0060523637703281214	0.5193554014960882	0.1527633667926377	0.32182886794094595
PD3905a	G[T>C]G	0.009043045277281784	0.3599932091193163	0.13388308876161553	0.49708065684178626
PD3905a	G[T>C]T	0.004286794602801026	0.46306832236638795	0.22951777657532713	0.3031271064554839
PD3905a	G[T>G]A	0.004365250807764922	0.46816930918630123	0.03338721319628438	0.49407822680964947
PD3905a	G[T>G]C	0.008298292083580551	0.425646331761651	0.03372574892293064	0.5323296272318379
PD3905a	G[T>G]G	0.014933562345368327	0.5249358668341296	0.011426985387804792	0.4487035854326973
PD3905a	G[T>G]T	0.004193330979417535	0.49367164557568977	0.0769566850102499	0.4251783384346428
PD3905a	T[C>A]A	0.13179571618274094	0.45119247538041884	0.1709320588992941	0.24607974953754608
PD3905a	T[C>A]C	0.05726472274283505	0.38903603336829357	0.1463381799978375	0.4073610638910339
PD3905a	T[C>A]G	0.0907540247751551	0.4299494691700391	0.35693053491149485	0.122365971143311
PD3905a	T[C>A]T	0.056137106976692976	0.4522258345247083	0.1919624007527335	0.29967465774586527
PD3905a	T[C>G]A	0.3911227515408596	2.441489345779056e-10	0.006902581563317201	0.6019746666516743
PD3905a	T[C>G]C	0.14469968543884562	0.19050818127250727	0.06444799535848819	0.600344137930159
PD3905a	T[C>G]G	0.1515819665365254	0.14233639066000206	0.026535695717713137	0.6795459470857594
PD3905a	T[C>G]T	0.3126674149994499	0.07382395050250139	0.01893334805338138	0.5945752864446674
PD3905a	T[C>T]A	0.6418707748209564	0.23685892977041131	0.10889042991508875	0.012379865493543479
PD3905a	T[C>T]C	0.26258075888482213	0.36523917564618086	0.2470761824184701	0.12510388305052697
PD3905a	T[C>T]G	0.24355008813151946	0.0032894126109569463	0.5074037394621529	0.2457567597953707
PD3905a	T[C>T]T	0.42950542542129416	0.34606348535663106	0.15920339200576425	0.0652276972163105
PD3905a	T[T>A]A	0.003974026313899671	0.3952704529336256	0.3007819785838189	0.2999735421686558
PD3905a	T[T>A]C	0.004193165428799529	0.5732636272481074	0.08517426521403551	0.33736894210905743
PD3905a	T[T>A]G	0.0048929710076141735	0.563481522034763	0.08327680156166016	0.3483487053959627
PD3905a	T[T>A]T	0.0020953759262421637	0.6090902551593735	0.07726016675478757	0.31155420215959684
PD3905a	T[T>C]A	0.0033070140464790433	0.4873396107326523	0.17249994195410198	0.33685343326676676
PD3905a	T[T>C]C	0.007716409678314981	0.4675740238555391	0.17778776568566282	0.3469218007804831
PD3905a	T[T>C]G	0.007408390861248514	0.5449298454783121	0.1526796381328431	0.29498212552759634
PD3905a	T[T>C]T	0.00410036125152372	0.48064554765330686	0.18938381075323457	0.3258702803419349
PD3905a	T[T>G]A	0.0032286934429265656	0.4637191928053058	0.06887361744178891	0.46417849630997876
PD3905a	T[T>G]C	0.0019704659434071517	0.5357178575291436	0.0920155833603658	0.3702960931670834
PD3905a	T[T>G]G	0.002386891381870897	0.4698514456504085	0.0623289933808644	0.46543266958685625
PD3905a	T[T>G]T	0.004139677352886999	0.39688362343211014	0.1287792180403835	0.47019748117461935
PD3945a	A[C>A]A	0.0036981338312437307	0.7753378334083593	0.11508310107757878	0.1058809316828181
PD3945a	A[C>A]C	0.0009254831866215768	0.7318836605238201	0.09103941969602453	0.1761514365935336
PD3945a	A[C>A]G	0.006559331526222504	0.6906622939100757	0.14244821994904402	0.1603301546146577
PD3945a	A[C>A]T	0.0016580274886241386	0.7762957508265472	0.06744907507682638	0.15459714660800222
PD3945a	A[C>G]A	0.006665582010680816	0.6491722745213336	0.0371933987767592	0.30696874469122637
PD3945a	A[C>G]C	0.003882184429205774	0.6787385490056865	0.06919560591932652	0.24818366064578123
PD3945a	A[C>G]G	0.0007687382443435835	0.659165346092178	0.05378709524130322	0.2862788204221751
PD3945a	A[C>G]T	0.006336758908018059	0.6153686304551637	0.04846481491842673	0.3298297957183915
PD3945a	A[C>T]A	0.008185474697991586	0.7091231579920815	0.15884230838128666	0.12384905892864026
PD3945a	A[C>T]C	0.00782103482900135	0.5203406115580957	0.14869106977910737	0.32314728383379554
PD3945a	A[C>T]G	0.005747492844495569	0.19117923854510632	0.5870083018556808	0.2160649667547174
PD3945a	A[C>T]T	0.005307956492200782	0.745279257028675	0.07266799854538496	0.17674478793373935
PD3945a	A[T>A]A	0.005020891424488656	0.6670368409375472	0.10621400438911358	0.22172826324885053
PD3945a	A[T>A]C	0.004206923774601561	0.6000138577966403	0.14931623362240265	0.24646298480635548
PD3945a	A[T>A]G	0.002632762332581558	0.7485071413143798	0.09997154243882814	0.14888855391421046
PD3945a	A[T>A]T	0.0009016451106848286	0.6625895587457816	0.17396985143912178	0.1625389447044117
PD3945a	A[T>C]A	0.0017797893683971374	0.6289559038960497	0.1529506709233019	0.21631363581225127
PD3945a	A[T>C]C	0.0023402788660495935	0.6623704488089683	0.09453577468714108	0.24075349763784112
PD3945a	A[T>C]G	0.0033801822874874993	0.5685521686385306	0.14177497803664163	0.28629267103734013
PD3945a	A[T>C]T	0.0016095967029365825	0.6369671806726257	0.1150763933786975	0.24634682924574017
PD3945a	A[T>G]A	0.0011259740410036632	0.5805079359561841	0.14653960295675894	0.27182648704605333
PD3945a	A[T>G]C	0.004080673075936188	0.49873168685467506	0.14612947955856695	0.3510581605108217
PD3945a	A[T>G]G	0.0009369899653029036	0.6739832842847718	0.003608674722431139	0.32147105102749396
PD3945a	A[T>G]T	0.000623091485575401	0.44101065711581755	0.08198676898919167	0.47637948240941536
PD3945a	C[C>A]A	0.0030431829344109364	0.7172087155849609	0.08281278364632569	0.19693531783430265
PD3945a	C[C>A]C	0.002736699700121886	0.7888227355225926	0.03271883639873258	0.17572172837855288
PD3945a	C[C>A]G	0.005344275566208944	0.6560236967264028	0.12075314967123049	0.2178788780361577
PD3945a	C[C>A]T	0.0022685460082344008	0.8158738683846455	0.0729518498423192	0.1089057357648009
PD3945a	C[C>G]A	0.010799121777284098	0.6884099970499801	0.018397986634473097	0.2823928945382627
PD3945a	C[C>G]C	0.0038406097737669243	0.7373451116219475	0.024338126694053122	0.23447615191023252
PD3945a	C[C>G]G	0.005135082752408089	0.6443713866358806	0.0684741187513462	0.2820194118603652
PD3945a	C[C>G]T	0.010166704079079984	0.6553072275757703	0.05209323457979952	0.2824328337653503
PD3945a	C[C>T]A	0.030502374463100987	0.5687239976480406	0.2031327723277883	0.19764085556106994
PD3945a	C[C>T]C	0.010640249840752975	0.5763260968481765	0.20261280710931456	0.21042084620175594
