Sample Names	MutationType	SBS96A	SBS96B	SBS96C	SBS96D	SBS96E	SBS96F	SBS96G
PD3851a_non-exome	A[C>A]A	0.000710365451772927	0.08076220120621783	0.05354294972819798	0.48246663584374394	0.0005622577410917814	0.19543519755290206	0.18652039247607358
PD3851a_non-exome	A[C>A]C	0.00010425174362115937	0.0906571014202733	0.05599823336832511	0.3013159590785615	0.0013742225667329629	0.2458034299970113	0.3047468018254746
PD3851a_non-exome	A[C>A]G	0.0005742279721665811	0.045818440930123695	0.0044799432091037405	0.2546102914164095	9.182622554425342e-05	0.38823023370323495	0.30619503654341723
PD3851a_non-exome	A[C>A]T	0.0003291636454636042	0.1061017032275595	0.03975758717838291	0.38585249578558267	0.0006018916090466799	0.3017153177879183	0.1656418407660463
PD3851a_non-exome	A[C>G]A	0.002034822493968527	0.06126918506565798	0.06149274040682528	0.11156751609318573	0.0038121432757977007	0.5245137192026387	0.2353098734619261
PD3851a_non-exome	A[C>G]C	0.0006883287982082476	0.06822146993165082	0.04005116731516596	0.3110334227125966	0.002257901403196324	0.34770348107090693	0.2300442287682751
PD3851a_non-exome	A[C>G]G	0.0001597574665613732	0.03162687900220429	2.7344526399193133e-14	0.1898960395876271	0.0008522184233618573	0.6696966321747995	0.10776847334541872
PD3851a_non-exome	A[C>G]T	0.0018992057158331343	0.07554501358502205	0.06311187284405084	0.2743192531884424	0.005299043205379392	0.43111751315703173	0.14870809830424042
PD3851a_non-exome	A[C>T]A	0.0015237311459447877	0.05643710175180235	0.038478863713123965	0.5307387892501941	0.0007521686749386213	0.16866225346400368	0.20340709199999243
PD3851a_non-exome	A[C>T]C	0.0009804499562533974	0.03571759225080963	0.040493881758341566	0.49124794966359053	0.0038314191796641867	0.19800406822381852	0.2297246389675222
PD3851a_non-exome	A[C>T]G	0.00016120104831643612	0.007200952871592633	0.010703151629695387	0.6722788215180698	0.0010110981046568138	0.05119322774485013	0.2574515470828188
PD3851a_non-exome	A[C>T]T	0.0013326380745605922	0.105807575569103	0.038245576508185025	0.52220282943133	0.0014897697433462105	0.25782573897720684	0.07309587169626836
PD3851a_non-exome	A[T>A]A	0.0012193255844566609	0.06789955940102887	0.06492764021783454	0.1387652985450421	0.0007325874484168382	0.14145909331596773	0.5849964954872533
PD3851a_non-exome	A[T>A]C	0.0006291724255515263	0.046980370498945254	0.02684443190557464	0.3123907668773029	0.0013072559245176341	0.19292017899431343	0.4189278233737947
PD3851a_non-exome	A[T>A]G	0.00043089610984174475	0.08997869565286169	0.02880401235688313	0.21088623881515203	0.00024907524065486016	0.22778141389067616	0.4418696679339303
PD3851a_non-exome	A[T>A]T	0.00015901483611622773	0.05163053589516045	0.05542505115769118	0.23580949601952741	0.000437056714347512	0.11804374516808487	0.5384951002090723
PD3851a_non-exome	A[T>C]A	0.0002939523261756171	0.06361413484055178	0.05836076065601701	0.35798374088995216	0.0016283218985234267	0.10850696587211246	0.4096121235166675
PD3851a_non-exome	A[T>C]C	0.00014497604026259995	0.05333888999793303	0.0422524010933239	0.3605554678004932	0.0017474141297923022	0.3133521981167263	0.22860865282146864
PD3851a_non-exome	A[T>C]G	0.0005350058930367957	0.062028911882923164	0.05241435803713415	0.3871072161730007	0.0033495720600119298	0.19619588272530225	0.298369053228591
PD3851a_non-exome	A[T>C]T	0.0001213318281830602	0.054922501897004726	0.05024401616512221	0.4096731349274227	0.0021954975258155385	0.22568147175038106	0.25716204590607067
PD3851a_non-exome	A[T>G]A	0.00036210993093938764	0.025089687843770275	0.05078226140408399	0.1700389245428313	0.0006114780460268053	0.29675093888905646	0.45636459934329177
PD3851a_non-exome	A[T>G]C	0.0005226295583253687	0.02619134186376408	0.03934765838956309	0.06322007486447642	0.0004728910776883828	0.32133661544672887	0.5489087887994537
PD3851a_non-exome	A[T>G]G	0.00039406304707314914	0.14189422920188	0.06245985454206062	0.04502249932311297	0.006452549313220932	0.6005882703983448	0.14318853417430744
PD3851a_non-exome	A[T>G]T	0.00021695900284623586	0.015246063474984637	0.06961066743149406	0.12058270742230341	0.004151381915447564	0.37358130138603546	0.4166109193668886
PD3851a_non-exome	C[C>A]A	0.0005488504306659838	0.09666472579351375	0.05040718883853386	0.4195638777254971	0.002296136741207705	0.23317908293341263	0.19734013753716906
PD3851a_non-exome	C[C>A]C	0.000651347567621533	0.16561660235282727	0.04026533369752289	0.35066806258845834	0.0021827675935120064	0.30087264347746706	0.13974324272259114
PD3851a_non-exome	C[C>A]G	0.00036637310209656587	0.026512826390569327	0.010511142349198255	0.24606752621184147	0.0008000790982126043	0.48056644983173286	0.23517560301634888
PD3851a_non-exome	C[C>A]T	0.0006291242235741678	0.10761443366915903	0.046652057449183784	0.514340927976176	0.00047883950075497427	0.2889754000759952	0.04130921710515692
PD3851a_non-exome	C[C>G]A	0.002631273283257978	0.10011569222527364	0.05588679970023936	0.17388030355515247	0.005879670925672113	0.49794756571048937	0.1636586945999152
PD3851a_non-exome	C[C>G]C	0.0013219261090047555	0.17837784778718724	0.07751693830272544	0.20578184967694718	0.0038191626494568512	0.33831267371018364	0.1948696017644949
PD3851a_non-exome	C[C>G]G	0.000626442933263771	0.04894181454881291	0.005515953116553011	0.23980688045686863	0.001575530828642338	0.42808022363919274	0.27545315447666646
PD3851a_non-exome	C[C>G]T	0.0022741058740698553	0.1302221017906149	0.056635113400146	0.3333982708465618	0.0066001668647418825	0.2778731899939448	0.19299705122992072
PD3851a_non-exome	C[C>T]A	0.004434961215666065	0.04677490025721478	0.03692322641035302	0.4663076439808631	0.00083619875513974	0.13434632418555661	0.3103767451952067
PD3851a_non-exome	C[C>T]C	0.0014565292339222002	0.04570222312344723	0.03369513059547358	0.5025057424395002	0.0008394418971844797	0.09367674956984212	0.3221241831406302
PD3851a_non-exome	C[C>T]G	0.0011312009831818232	0.009121670475038516	0.009741795467975609	0.6400912052874591	0.0009561893775835679	0.06950470258467052	0.26945323582409086
PD3851a_non-exome	C[C>T]T	0.002197686456432437	0.06948534846755514	0.02845665742651519	0.530415849759582	0.0018428336980997665	0.19673714395612457	0.17086448023569098
PD3851a_non-exome	C[T>A]A	0.0005553807044557378	0.10904728789319415	0.08792554807973121	0.05032977861177096	0.0018874105994736144	0.4768001855553396	0.2734544085560347
PD3851a_non-exome	C[T>A]C	0.0006115583514601686	0.12365880389303649	0.05554008418143202	0.16758499512334107	0.001134247241047849	0.3932284162362291	0.25824189497345323
PD3851a_non-exome	C[T>A]G	0.0003027667087920058	0.1105134618306881	0.0772281530668779	0.0722011814408418	0.0019646388682453618	0.49351314000298907	0.24427665808156582
PD3851a_non-exome	C[T>A]T	0.00019592575522105177	0.0961645395104559	0.05866539846845538	0.24226644827459132	0.0016236544953381806	0.5115231260619223	0.08956090743401593
PD3851a_non-exome	C[T>C]A	2.0386739831276365e-05	0.07008760365682282	0.02661254517699708	0.34986499891043793	0.003114325320154696	0.29632446371288534	0.2539756764828709
PD3851a_non-exome	C[T>C]C	0.0004848313273312619	0.07071157633266625	0.03153417866390395	0.3392377587435267	0.0001460999449485811	0.38104113966373987	0.17684441532388345
PD3851a_non-exome	C[T>C]G	0.0009011360739588043	0.05725304621092297	0.06762164795390288	0.13950147166534665	0.004041267526755224	0.2483176615101308	0.48236376905898254
PD3851a_non-exome	C[T>C]T	0.0004070089829909244	0.1057512817280396	0.08436854945507788	0.46958118650387803	0.0043995183397160555	0.21380706809616798	0.12168538689412961
PD3851a_non-exome	C[T>G]A	0.0001494324303900688	0.05495121777172301	0.03393037615112745	0.3015247747111077	0.0032519082684147314	0.33595220397566733	0.2702400866915697
PD3851a_non-exome	C[T>G]C	0.0005574301021643929	0.06212354918520496	0.07275589524187102	0.046434981275675795	0.0016885531664662028	0.4090712267358253	0.4073683642927923
PD3851a_non-exome	C[T>G]G	0.000387604765816532	0.09248224413208868	0.0653815200660787	0.32611165710431544	0.00552942787191725	0.3418821895125247	0.1682253565472587
PD3851a_non-exome	C[T>G]T	0.00022628678818339284	0.0290840499988671	0.12898548021430445	0.3729337858991899	0.003568176520682161	0.25899900135353604	0.20620321922523696
PD3851a_non-exome	G[C>A]A	0.0005009332092293007	0.04364811475869682	0.01914675498651406	0.5237676134230034	0.00010040468810209913	0.26614357895524976	0.14669259997920456
PD3851a_non-exome	G[C>A]C	0.00044633859871652846	0.11304324475154437	0.06238289365343684	0.4454405403334741	0.0011849744699372127	0.09646452314912236	0.2810374850437686
PD3851a_non-exome	G[C>A]G	0.0006378955980200964	0.021900481217442203	0.017936828451132782	0.4574715082814552	0.0005492308750055896	0.15181783512911395	0.3496862204478302
PD3851a_non-exome	G[C>A]T	0.00032173497507740186	0.07152512488578532	0.048792387607847494	0.534656329191839	0.00048481992529036353	0.24288077476530573	0.10133882864885467
PD3851a_non-exome	G[C>G]A	0.0008589290897302392	0.06274474942189445	0.027209517317069828	0.2332334230325915	0.002315110413286979	0.3624980015003843	0.3111402692250427
PD3851a_non-exome	G[C>G]C	0.000742495774445896	0.10926686286390264	0.05126098900742299	0.2168974965976888	0.0025407687513647947	0.27310380597968265	0.3461875810254923
PD3851a_non-exome	G[C>G]G	0.0011659939216606139	0.055556574835338594	0.0015346137422236545	0.00730262767965301	0.004924103794419728	0.5684211476266752	0.3610949384000293
PD3851a_non-exome	G[C>G]T	0.002093416908168075	0.10610902685484533	0.07189414889579207	0.08501728257932427	0.006670268491428521	0.5329725154126915	0.19524334085775027
PD3851a_non-exome	G[C>T]A	0.002562631282807475	0.05505246720155689	0.0458419840445467	0.5730882397010862	0.0012651356723054178	0.12382083860782855	0.19836870348986865
PD3851a_non-exome	G[C>T]C	0.0012785064237905031	0.046517914674147634	0.03981400947859723	0.5886306842058393	0.0013965696078785553	0.0895365813206025	0.2328257342891441
PD3851a_non-exome	G[C>T]G	0.0005360160297121325	0.005235318879306974	0.016206979232744792	0.568321030931144	0.0005639551306566342	0.11962533851594635	0.28951136128048904
PD3851a_non-exome	G[C>T]T	0.001820858774291388	0.05480680123254765	0.04011586177034157	0.3964671933780233	0.0015065746536892131	0.18102625510335196	0.32425645508775475
PD3851a_non-exome	G[T>A]A	0.0007042864442806749	0.10263853009818547	0.038834453505712976	0.09136728758443459	0.0009676971362525633	0.4926581451126842	0.2728296001184496
PD3851a_non-exome	G[T>A]C	0.0005878408075575723	0.13064661165293737	0.06845526810739745	0.25324277688697727	0.003019252112437038	0.13792842057215776	0.40611982986053546
PD3851a_non-exome	G[T>A]G	0.0009298123637300808	0.11154251055194912	0.04319189356797305	0.3152519329908123	0.0022014054719387186	0.24521797090168818	0.2816644741519086
PD3851a_non-exome	G[T>A]T	5.24672684833795e-05	0.10808074906941396	0.0786907248983618	0.1446179151036622	0.0018961070406470697	0.446795929715867	0.21986610690356453
PD3851a_non-exome	G[T>C]A	0.0003935409592355279	0.054076391847870185	0.04796001521985294	0.2720668642754643	0.0016250814109859894	0.2139908778403708	0.40988722844622033
PD3851a_non-exome	G[T>C]C	0.00035925260282357004	0.03838806113142853	0.04539101948534828	0.26646586275228007	0.0011242950284425823	0.34310138687188313	0.30517012212779376
PD3851a_non-exome	G[T>C]G	0.0005341527652359118	0.038384516944722995	0.028826439493078046	0.16048582707802245	0.002504385811376975	0.35084498891255506	0.4184196889950085
PD3851a_non-exome	G[T>C]T	0.0002140978635180472	0.03520404075399376	0.05573924627786535	0.34378784569837056	0.0011336902195878632	0.1458826827507482	0.4180383964359161
PD3851a_non-exome	G[T>G]A	0.0007260748183707956	0.08555185681715968	0.09115960612769125	0.057143799664549716	0.0037288206278270394	0.443426492865327	0.3182633490790745
PD3851a_non-exome	G[T>G]C	0.00048344719952687557	0.10678126211115982	0.04244885846119748	0.18934195302561316	0.004838356317438193	0.3227544236439494	0.333351699241115
PD3851a_non-exome	G[T>G]G	0.0018815978144665145	0.07463222228127986	0.06141086198376621	0.008511938550586164	0.0015717859366157349	0.4999921372341529	0.35199945619913253
PD3851a_non-exome	G[T>G]T	0.0003685321409389512	0.03843477425292014	0.05645957122382352	0.20759638814154308	0.0017422397620937234	0.4759366853044682	0.21946180917421243
PD3851a_non-exome	T[C>A]A	0.010014166250804351	0.0750046626698043	0.03264714277482937	0.5995413243806573	0.001852107011620344	0.02170361988598248	0.2592369770263017
PD3851a_non-exome	T[C>A]C	0.005064513626872369	0.06493117360403423	0.021735581521272977	0.5351602192067342	0.0037037604510848834	0.13050807752935997	0.23889667406064136
PD3851a_non-exome	T[C>A]G	0.003987653162388642	0.03376628241531814	0.021378574395858822	0.517278781303042	0.0003302506743306993	0.09060749169052021	0.3326509663585414
PD3851a_non-exome	T[C>A]T	0.0046371770149355685	0.0697205234800557	0.04758050714248865	0.6618503021686382	0.0023275704378924577	0.06977919043275707	0.1441047293232323
PD3851a_non-exome	T[C>G]A	0.16124586160947335	0.0030285415919329645	0.1770999247460415	0.051876778646547356	0.03324781734609985	0.06355914603837493	0.50994193002153
PD3851a_non-exome	T[C>G]C	0.021895468294807034	0.05304100617039503	0.06922936869399553	0.3623543350119597	0.010578020771905873	0.2804655779489415	0.20243622310799525
PD3851a_non-exome	T[C>G]G	0.01770846852072769	0.000647296255600974	0.02068868349044487	0.05281412618361609	0.005454024019893375	0.5526331093031419	0.3500542922265751
PD3851a_non-exome	T[C>G]T	0.09466206238338498	0.03779912271671554	0.11103420231449289	0.4257385338208339	0.024687982007952088	0.08297665431737153	0.22310144243924898
PD3851a_non-exome	T[C>T]A	0.07081565160613536	0.01639933941948598	0.0992921745395208	0.306285440389298	0.0012984316663575354	0.10561564121932046	0.40029332115988187
PD3851a_non-exome	T[C>T]C	0.017594694026809618	0.025505422060341416	0.05616149241893822	0.601060206966338	0.0012445956881871108	0.07478302939348459	0.2236505594459011
PD3851a_non-exome	T[C>T]G	0.008329002043249007	2.191497239082179e-06	0.02280801760152487	0.6029876712436989	0.0004882136030412189	0.0738172039482302	0.2915677000630168
PD3851a_non-exome	T[C>T]T	0.03813905499895154	0.03473183682408953	0.0537738371583998	0.5868463360609772	0.0018489957512467909	0.09807605758236117	0.18658388162397377
PD3851a_non-exome	T[T>A]A	0.00017112461547485997	0.025293858529123577	0.043413865456929664	0.47243002700378867	0.0011065660855897601	0.09714198971171199	0.3604425685973815
PD3851a_non-exome	T[T>A]C	0.0002705685634643242	0.13751104327634023	0.05848545346748374	0.32149244094364654	0.0012999530249005512	0.2020041387336534	0.27893640199051106
PD3851a_non-exome	T[T>A]G	0.0001828318154881921	0.07573617680837881	0.04423825311786924	0.33646475358591427	0.0017114518322575271	0.2927637227510654	0.2489028100890266
PD3851a_non-exome	T[T>A]T	7.689346681372386e-05	0.0885844582996812	0.038263176037550785	0.2539955971908681	0.0012726587263964288	0.3525940278884697	0.2652131883902201
PD3851a_non-exome	T[T>C]A	0.0001865261864761993	0.05994796100445916	0.041429033851926214	0.3661301541602787	0.0016277833992861476	0.11564308546463876	0.41503545593293495
PD3851a_non-exome	T[T>C]C	0.00040194041953707624	0.041005086186120136	0.029624411271338635	0.29531657195707856	0.001120573933698755	0.29188046347177066	0.34065095276045615
PD3851a_non-exome	T[T>C]G	0.00032291628612322404	0.04723658065497674	0.04294442017603413	0.5227456461903782	0.0016374648980222602	0.19308820116215386	0.1920247706323116
PD3851a_non-exome	T[T>C]T	0.00020771603811920063	0.04294867782689112	0.049962879883347494	0.4550201923688117	0.0015420279115997441	0.19252093926171157	0.25779756670951914
PD3851a_non-exome	T[T>G]A	0.00033119094721704263	0.07244249091404771	0.05937752320385082	0.22079271440990295	0.0022529172775970574	0.3867858512628579	0.25801731198452643
PD3851a_non-exome	T[T>G]C	0.0001739072237459162	0.05806425074181314	0.02418694492173669	0.2783105068812048	0.0005545549556031055	0.3929281732657165	0.24578166201017976
PD3851a_non-exome	T[T>G]G	0.0002479193591005993	0.06449598727962717	0.042060590156093584	0.0732905468516108	0.002058772537843997	0.4267614718031887	0.39108471201253525
PD3851a_non-exome	T[T>G]T	0.000485643093669499	0.04314358944640648	0.04509973201205397	0.2794929447313873	0.001653419583362196	0.2859958521552921	0.3441288189778283
PD3890a_non-exome	A[C>A]A	0.0	0.17179403792397088	0.5235982830667449	0.0	0.07329433631216437	0.2313133426971198	0.0
PD3890a_non-exome	A[C>A]C	0.0	0.15930532250705368	0.45237517409419964	0.0	0.1479859775657444	0.24033352583300235	0.0
PD3890a_non-exome	A[C>A]G	0.0	0.15905990045888935	0.07149717592392672	0.0	0.019535393567836415	0.7499075300493475	0.0
PD3890a_non-exome	A[C>A]T	0.0	0.21493729571013268	0.37025883043925717	0.0	0.07472101221540066	0.3400828616352096	0.0
PD3890a_non-exome	A[C>G]A	0.0	0.0704706097025368	0.32515149340818805	0.0	0.26870155065784673	0.3356763462314284	0.0
PD3890a_non-exome	A[C>G]C	0.0	0.1167811472255296	0.315183027816687	0.0	0.23685997053039842	0.331175854427385	0.0
PD3890a_non-exome	A[C>G]G	0.0	0.06928406438644945	2.7538698144421127e-13	0.0	0.11440973270258904	0.816306202910686	0.0
PD3890a_non-exome	A[C>G]T	0.0	0.08120483200168598	0.3118768340205612	0.0	0.3490668138146009	0.2578515201631519	0.0
PD3890a_non-exome	A[C>T]A	0.0	0.1511949062865645	0.4739043292372269	0.0	0.12348742440446389	0.2514133400717447	0.0
PD3890a_non-exome	A[C>T]C	0.0	0.06301093138550598	0.32841207338204914	0.0	0.4142174834002621	0.1943595118321828	0.0
PD3890a_non-exome	A[C>T]G	0.0	0.049035172162133205	0.33506216793501264	0.0	0.421935498243919	0.19396716165893502	0.0
PD3890a_non-exome	A[C>T]T	0.0	0.20490035395423634	0.34048904035039945	0.0	0.1767991317294719	0.2778114739658924	0.0
PD3890a_non-exome	A[T>A]A	0.0	0.1385730386012378	0.6091684230605703	0.0	0.09162337608354987	0.16063516225464203	0.0
PD3890a_non-exome	A[T>A]C	0.0	0.1312867662218136	0.34486943987474517	0.0	0.22387219906824815	0.299971594835193	0.0
PD3890a_non-exome	A[T>A]G	0.0	0.24692156470177054	0.3633860874132635	0.0	0.04188754606929539	0.3478048018156706	0.0
PD3890a_non-exome	A[T>A]T	0.0	0.12943321474232397	0.638765112213666	0.0	0.06714473041036631	0.16465694263364367	0.0
PD3890a_non-exome	A[T>C]A	0.0	0.1292776021587369	0.5452385913185792	0.0	0.2027892642071696	0.12269454231551416	0.0
PD3890a_non-exome	A[T>C]C	0.0	0.1008254952997795	0.3671755588701936	0.0	0.2024217925581635	0.3295771532718636	0.0
PD3890a_non-exome	A[T>C]G	0.0	0.1004638464180912	0.3902670541588373	0.0	0.3324604566682345	0.17680864275483693	0.0
PD3890a_non-exome	A[T>C]T	0.0	0.10058640679022898	0.42302818958296445	0.0	0.24640922714868863	0.22997617647811805	0.0
PD3890a_non-exome	A[T>G]A	0.0	0.05440838598663656	0.5062658133883937	0.0	0.08126180912146873	0.358063991503501	0.0
PD3890a_non-exome	A[T>G]C	0.0	0.06313334854566445	0.4360295752734657	0.0	0.06985495675799228	0.4309821194228776	0.0
PD3890a_non-exome	A[T>G]G	0.0	0.12246629008363812	0.24782708998317995	0.0	0.341285780279863	0.28842083965331883	0.0
PD3890a_non-exome	A[T>G]T	0.0	0.019116501914519506	0.40125686818631545	0.0	0.3189909947871637	0.2606356351120014	0.0
PD3890a_non-exome	C[C>A]A	0.0	0.16141600725559638	0.38696085623841137	0.0	0.23496942704975932	0.21665370945623302	0.0
PD3890a_non-exome	C[C>A]C	0.0	0.2540520716042332	0.28395279816206165	0.0	0.20519246088239323	0.2568026693513118	0.0
PD3890a_non-exome	C[C>A]G	0.0	0.06776277247494883	0.12350400366774537	0.0	0.12531501088019667	0.6834182129771091	0.0
PD3890a_non-exome	C[C>A]T	0.0	0.2100946343849563	0.4187079612571267	0.0	0.05728876218147312	0.3139086421764439	0.0
PD3890a_non-exome	C[C>G]A	0.0	0.10067699720798344	0.2583647857203454	0.0	0.36233989335519295	0.2786183237164783	0.0
PD3890a_non-exome	C[C>G]C	0.0	0.1863869384621045	0.37236353654572224	0.0	0.24455567336472245	0.19669385162745082	0.0
PD3890a_non-exome	C[C>G]G	0.0	0.11964989985032679	0.06199388007199216	0.0	0.23604467672380877	0.5823115433538723	0.0
PD3890a_non-exome	C[C>G]T	0.0	0.1371231710308633	0.27416240555550897	0.0	0.4259082921766451	0.16280613123698262	0.0
PD3890a_non-exome	C[C>T]A	0.0	0.13656278915518083	0.49558155237792845	0.0	0.1496111832136357	0.21824447525325505	0.0
PD3890a_non-exome	C[C>T]C	0.0	0.15025106672364674	0.5092644515500224	0.0	0.16912426100138092	0.17136022072494997	0.0
PD3890a_non-exome	C[C>T]G	0.0	0.06033737473824102	0.29624226432547945	0.0	0.387606435137126	0.2558139257991535	0.0
PD3890a_non-exome	C[C>T]T	0.0	0.16438165765482196	0.3094852687224473	0.0	0.2671660649078491	0.2589670087148817	0.0
PD3890a_non-exome	C[T>A]A	0.0	0.12194626059741079	0.45202731927786455	0.0	0.1293466071076842	0.2966798130170405	0.0
PD3890a_non-exome	C[T>A]C	0.0	0.18531320755658579	0.3826342536802504	0.0	0.10416554637969935	0.32788699238346447	0.0
PD3890a_non-exome	C[T>A]G	0.0	0.12842279266873868	0.4125708647389017	0.0	0.13990869027692016	0.3190976523154394	0.0
PD3890a_non-exome	C[T>A]T	0.0	0.12822236740247483	0.35960592598822744	0.0	0.13267145342614592	0.3795002531831517	0.0
PD3890a_non-exome	C[T>C]A	0.0	0.12785892080657899	0.22318870637923174	0.0	0.3481679837780343	0.30078438903615495	0.0
PD3890a_non-exome	C[T>C]C	0.0	0.16194061128446344	0.3320035745497867	0.0	0.020504554627085777	0.48555125953866407	0.0
PD3890a_non-exome	C[T>C]G	0.0	0.07593738860572448	0.41232416686834017	0.0	0.32848057586639756	0.18325786865953775	0.0
PD3890a_non-exome	C[T>C]T	0.0	0.11987352219907271	0.4396571992886076	0.0	0.30561719939860044	0.13485207911371927	0.0
PD3890a_non-exome	C[T>G]A	0.0	0.09202250821347834	0.26121697732240656	0.0	0.33372601628713383	0.3130344981769813	0.0
PD3890a_non-exome	C[T>G]C	0.0	0.08537086717128799	0.4596397741860976	0.0	0.14220118181009078	0.3127881768325237	0.0
PD3890a_non-exome	C[T>G]G	0.0	0.10029089381531772	0.3259523645388247	0.0	0.3674670241899963	0.2062897174558612	0.0
PD3890a_non-exome	C[T>G]T	0.0	0.029531861730626333	0.6021057143430898	0.0	0.22203288793529988	0.14632953599098386	0.0
PD3890a_non-exome	G[C>A]A	0.0	0.1526643001223648	0.3078670148327187	0.0	0.021520929498749928	0.5179477555461666	0.0
PD3890a_non-exome	G[C>A]C	0.0	0.2148605638698981	0.5450967495954083	0.0	0.1380244809877094	0.10201820554698401	0.0
PD3890a_non-exome	G[C>A]G	0.0	0.09843273868217818	0.37061888549126615	0.0	0.15127803923717267	0.3796703365893831	0.0
PD3890a_non-exome	G[C>A]T	0.0	0.15525721212670704	0.48690160864310184	0.0	0.06449241676403476	0.2933487624661563	0.0
PD3890a_non-exome	G[C>G]A	0.0	0.11807280471919299	0.2353907043158692	0.0	0.2669803091634756	0.3795561818014623	0.0
PD3890a_non-exome	G[C>G]C	0.0	0.1674361666024016	0.36111352893992893	0.0	0.23859479781354623	0.2328555066441231	0.0
PD3890a_non-exome	G[C>G]G	0.0	0.08162290101316452	0.01036505537382838	0.0	0.4433419171769875	0.4646701264360195	0.0
PD3890a_non-exome	G[C>G]T	0.0	0.09291952283668456	0.2894304143827051	0.0	0.35795875395747473	0.2596913088231357	0.0
PD3890a_non-exome	G[C>T]A	0.0	0.1335497075741775	0.511240840860172	0.0	0.1880781259857541	0.1671313255798964	0.0
PD3890a_non-exome	G[C>T]C	0.0	0.1274615818755061	0.5015231239786683	0.0	0.2345074724314502	0.13650782171437542	0.0
PD3890a_non-exome	G[C>T]G	0.0	0.028946138934934112	0.4119509975060572	0.0	0.19108521608687212	0.3680176474721366	0.0
PD3890a_non-exome	G[C>T]T	0.0	0.12678529800725874	0.4266252411188134	0.0	0.21357977752432347	0.23300968334960434	0.0
PD3890a_non-exome	G[T>A]A	0.0	0.1670022004097172	0.2904858270685384	0.0	0.09649087800725285	0.44602109451449146	0.0
PD3890a_non-exome	G[T>A]C	0.0	0.18475796346078066	0.4450490432827102	0.0	0.26166125943683477	0.10853173381967443	0.0
PD3890a_non-exome	G[T>A]G	0.0	0.1918333264112683	0.3414930480391816	0.0	0.23201641758022054	0.23465720796932957	0.0
PD3890a_non-exome	G[T>A]T	0.0	0.12949367325043884	0.43343076130888375	0.0	0.1392188647578505	0.297856700682827	0.0
PD3890a_non-exome	G[T>C]A	0.0	0.10964045058499958	0.4470317790645789	0.0	0.20191717462139772	0.2414105957290239	0.0
PD3890a_non-exome	G[T>C]C	0.0	0.07573601606624998	0.4116917801047184	0.0	0.135931967051861	0.3766402367771705	0.0
PD3890a_non-exome	G[T>C]G	0.0	0.07387380831644266	0.25504768892244456	0.0	0.2953729197979212	0.37570558296319156	0.0
PD3890a_non-exome	G[T>C]T	0.0	0.0796297984849074	0.5796157439893703	0.0	0.157149330219963	0.18360512730575912	0.0
PD3890a_non-exome	G[T>G]A	0.0	0.08730915960724892	0.4276896970813579	0.0	0.2332044821801834	0.25179666113120974	0.0
PD3890a_non-exome	G[T>G]C	0.0	0.13724763734757148	0.25082557885308104	0.0	0.3811032993216872	0.23082348447766024	0.0
PD3890a_non-exome	G[T>G]G	0.0	0.10202946679917448	0.3859583286671865	0.0	0.1316823823253363	0.38032982220830286	0.0
PD3890a_non-exome	G[T>G]T	0.0	0.057401446704701056	0.3876431013313569	0.0	0.15945621738521892	0.3954992345787231	0.0
PD3890a_non-exome	T[C>A]A	0.0	0.21389046466649897	0.4280005435540132	0.0	0.32367135837572397	0.03443763340376377	0.0
PD3890a_non-exome	T[C>A]C	0.0	0.13980348300441794	0.21514535938896334	0.0	0.48870036286475493	0.15635079474186375	0.0
PD3890a_non-exome	T[C>A]G	0.0	0.1665807104418234	0.48485980572672566	0.0	0.09984359438845523	0.24871588944299572	0.0
PD3890a_non-exome	T[C>A]T	0.0	0.1483655605709425	0.4654762314176011	0.0	0.3035360847994461	0.08262212321201032	0.0
PD3890a_non-exome	T[C>G]A	0.0	0.001047914714871694	0.28171291231969375	0.0	0.7050023574637871	0.012236815501647505	0.0
PD3890a_non-exome	T[C>G]C	0.0	0.04511806995872105	0.2707229731654906	0.0	0.5514145324834251	0.13274442439236328	0.0
PD3890a_non-exome	T[C>G]G	0.0	0.0008777068174774488	0.1289659948646991	0.0	0.4532089272982985	0.4169473710195251	0.0
PD3890a_non-exome	T[C>G]T	0.0	0.017936767748143165	0.24222291234956372	0.0	0.7179316331315481	0.021908686770744975	0.0
PD3890a_non-exome	T[C>T]A	0.0	0.02683116384682569	0.7468341337761464	0.0	0.13018690070985697	0.09614780166717099	0.0
PD3890a_non-exome	T[C>T]C	0.0	0.06351353910304276	0.6429369992812336	0.0	0.18993155481734667	0.10361790679837685	0.0
PD3890a_non-exome	T[C>T]G	0.0	1.24624801041805e-05	0.596275643607799	0.0	0.17014079544097702	0.2335710984711196	0.0
PD3890a_non-exome	T[C>T]T	0.0	0.07721206194548969	0.5495717577211828	0.0	0.2519001026465644	0.12131607768676311	0.0
PD3890a_non-exome	T[T>A]A	0.0	0.07294734222971909	0.5755974012323657	0.0	0.19557204486701918	0.15588321167089608	0.0
PD3890a_non-exome	T[T>A]C	0.0	0.22978097694999558	0.4492833624332256	0.0	0.13311873632907606	0.18781692428770283	0.0
PD3890a_non-exome	T[T>A]G	0.0	0.1384854679297307	0.3718731086559114	0.0	0.19177877415827005	0.297862649256088	0.0
PD3890a_non-exome	T[T>A]T	0.0	0.16445074311801824	0.32655422163756676	0.0	0.14478557628239266	0.36420945896202245	0.0
PD3890a_non-exome	T[T>C]A	0.0	0.14462494442710466	0.4594831340306309	0.0	0.240658074071798	0.15523384747046642	0.0
PD3890a_non-exome	T[T>C]C	0.0	0.10043547692891878	0.33357625278077246	0.0	0.16819960278051682	0.3977886675097919	0.0
PD3890a_non-exome	T[T>C]G	0.0	0.10440259810678847	0.4363506000655655	0.0	0.22178894014998934	0.2374578616776567	0.0
PD3890a_non-exome	T[T>C]T	0.0	0.09055940234225643	0.48431418883120847	0.0	0.19925582054269578	0.22587058828383919	0.0
PD3890a_non-exome	T[T>G]A	0.0	0.1036830966935633	0.39069031287016015	0.0	0.19760360490086892	0.30802298553540763	0.0
PD3890a_non-exome	T[T>G]C	0.0	0.13763468345321536	0.26357004939126405	0.0	0.08055614694573755	0.5182391202097831	0.0
PD3890a_non-exome	T[T>G]G	0.0	0.10377799060383266	0.3111314439669058	0.0	0.20300931304019143	0.3820812523890702	0.0
PD3890a_non-exome	T[T>G]T	0.0	0.08444051152830337	0.4057929732576531	0.0	0.19831368793238663	0.311452827281657	0.0
PD3904a_non-exome	A[C>A]A	0.007519374619086222	0.5807305361687929	0.2217012810001459	0.17499560433280953	0.015053203879165583	0.0	0.0
PD3904a_non-exome	A[C>A]C	0.0010704149957240494	0.6323205721758334	0.22491022611486244	0.10601100588963261	0.03568778082394756	0.0	0.0
PD3904a_non-exome	A[C>A]G	0.013540514698894163	0.7339352739368022	0.0413227633455768	0.20572484613216843	0.005476601886558349	0.0	0.0
PD3904a_non-exome	A[C>A]T	0.0032050759361681187	0.7018033559669274	0.1514302009771073	0.12873829032330408	0.01482307679649297	0.0	0.0
PD3904a_non-exome	A[C>G]A	0.025067278330763675	0.5127307712624988	0.2963265193043375	0.047095388193123575	0.11878004290927646	0.0	0.0
PD3904a_non-exome	A[C>G]C	0.008705623147027155	0.5861268562006579	0.19814591375955753	0.13479411958953405	0.07222748730322343	0.0	0.0
PD3904a_non-exome	A[C>G]G	0.0052713836178989535	0.7089023561347066	3.529391881735891e-13	0.21470360105334685	0.0711226591936946	0.0	0.0
PD3904a_non-exome	A[C>G]T	0.018858644489942993	0.5095782623868397	0.24514077330250125	0.09333718920845413	0.13308513061226196	0.0	0.0
PD3904a_non-exome	A[C>T]A	0.020315799813961023	0.5111600547606157	0.20068450309716135	0.2424746676954149	0.025364974632847176	0.0	0.0
PD3904a_non-exome	A[C>T]C	0.014502125859078906	0.35888477824901543	0.23429427009543807	0.2489814275896444	0.14333739820682326	0.0	0.0
PD3904a_non-exome	A[C>T]G	0.004627815579615947	0.14043157790361196	0.12019485527931806	0.6613290126073181	0.07341673863013576	0.0	0.0
PD3904a_non-exome	A[C>T]T	0.012133558697257093	0.6544242236222498	0.13621445865450083	0.16292028544593432	0.034307473580057785	0.0	0.0
PD3904a_non-exome	A[T>A]A	0.015366499422153969	0.5812846285856077	0.3200743668752244	0.059923351506770556	0.02335115361024352	0.0	0.0
PD3904a_non-exome	A[T>A]C	0.01102752195561424	0.5593598791841158	0.18404689154077947	0.18761450124952023	0.05795120606997016	0.0	0.0
PD3904a_non-exome	A[T>A]G	0.005340966463783452	0.7576237771536544	0.13965815009824367	0.08956853739550039	0.007808568888817829	0.0	0.0
PD3904a_non-exome	A[T>A]T	0.0024057326832599975	0.5306192240959337	0.3280060421380061	0.1222449637375871	0.016724037345213254	0.0	0.0
PD3904a_non-exome	A[T>C]A	0.0035535152300305555	0.5223980293214293	0.27597404702282496	0.14828750068974	0.049786907735975196	0.0	0.0
PD3904a_non-exome	A[T>C]C	0.002080575090446158	0.5199933140213551	0.23719447762917523	0.17730427640826124	0.0634273568507622	0.0	0.0
PD3904a_non-exome	A[T>C]G	0.006300774568111744	0.49624502238700846	0.24146359681492555	0.15621639324327727	0.09977421298667696	0.0	0.0
PD3904a_non-exome	A[T>C]T	0.0015824103483614502	0.48658790603941154	0.25632722649670436	0.18308038697538365	0.07242207014013902	0.0	0.0
PD3904a_non-exome	A[T>G]A	0.008111173707325682	0.3817729464084631	0.44496035925963007	0.13051234100941717	0.034643179615163715	0.0	0.0
PD3904a_non-exome	A[T>G]C	0.014098982694286765	0.47997452035920213	0.415220435930145	0.05843980772202797	0.03226625329433812	0.0	0.0
PD3904a_non-exome	A[T>G]G	0.0028333698725247288	0.693056943182537	0.17567280985663486	0.011092440920295937	0.1173444361680075	0.0	0.0
PD3904a_non-exome	A[T>G]T	0.0041376637563849145	0.1975158116020694	0.5193012113687729	0.07879932791476982	0.20024598535800292	0.0	0.0
PD3904a_non-exome	C[C>A]A	0.005172176653497109	0.6188052485788195	0.18581374523862026	0.13548068832574622	0.05472814120331684	0.0	0.0
PD3904a_non-exome	C[C>A]C	0.004447780019647968	0.76824722413269	0.10755431170547486	0.0820515295651763	0.03769915457701088	0.0	0.0
PD3904a_non-exome	C[C>A]G	0.011121194189115233	0.5467017894889776	0.12480838940366	0.2559423240281213	0.06142630289012582	0.0	0.0
PD3904a_non-exome	C[C>A]T	0.005677159035485093	0.6596776988213372	0.1646764414142044	0.15903975593936756	0.010928944789605717	0.0	0.0
PD3904a_non-exome	C[C>G]A	0.023217540427292387	0.6000936536463832	0.19289701803664053	0.052572739427711235	0.13121904846197266	0.0	0.0
PD3904a_non-exome	C[C>G]C	0.007797655924600277	0.7147668992633274	0.17886259086036008	0.0415933516320032	0.0569795023197093	0.0	0.0
PD3904a_non-exome	C[C>G]G	0.012987912657083022	0.6892940616364007	0.04473468976957724	0.17036463535660637	0.08261870058033265	0.0	0.0
PD3904a_non-exome	C[C>G]T	0.016127648727976937	0.6273525986002847	0.15711301718562676	0.08101840373184895	0.11838833175426265	0.0	0.0
PD3904a_non-exome	C[C>T]A	0.06451216051097729	0.4622013988557202	0.21009582516525482	0.23242575945414617	0.03076485601390153	0.0	0.0
PD3904a_non-exome	C[C>T]C	0.022399582348781616	0.47744644754355164	0.20270006024355666	0.2648022723759015	0.03265163748820846	0.0	0.0
PD3904a_non-exome	C[C>T]G	0.031873822798	0.17459643991772866	0.1073740676812619	0.6180109977694659	0.06814467183354353	0.0	0.0
PD3904a_non-exome	C[C>T]T	0.026361548363138976	0.5661937203823113	0.1335226945249642	0.21801262298320034	0.0559094137463851	0.0	0.0
PD3904a_non-exome	C[T>A]A	0.004807480641968789	0.6412217586754594	0.29771989701447227	0.014928347664075749	0.0413225160040238	0.0	0.0
PD3904a_non-exome	C[T>A]C	0.005320173865995198	0.7307681162750218	0.18899942228717073	0.04995546649164919	0.02495682108016314	0.0	0.0
PD3904a_non-exome	C[T>A]G	0.002678689852863145	0.6641957939087808	0.26727354877972725	0.02188863000740832	0.04396333745122045	0.0	0.0
PD3904a_non-exome	C[T>A]T	0.0019422145770492687	0.6475708054992	0.22748550193320338	0.08229224602857017	0.04070923196197719	0.0	0.0
PD3904a_non-exome	C[T>C]A	0.00026168111547022213	0.6111283602169268	0.13362171215157723	0.1538810221402619	0.1011072243757637	0.0	0.0
PD3904a_non-exome	C[T>C]C	0.006655314185654243	0.6593788799239219	0.16932669484476198	0.15956661694485974	0.00507249410080228	0.0	0.0
PD3904a_non-exome	C[T>C]G	0.01109135502266625	0.47869562139777894	0.32557121514849985	0.058834624231878296	0.12580718419917666	0.0	0.0
PD3904a_non-exome	C[T>C]T	0.0030725720657957594	0.5423134157840662	0.24914070238376887	0.12146991727221851	0.08400339249415045	0.0	0.0
PD3904a_non-exome	C[T>G]A	0.002156073335949924	0.538595369185304	0.19150202108905523	0.14907390705454132	0.1186726293351495	0.0	0.0
PD3904a_non-exome	C[T>G]C	0.007231808487446965	0.5474940244679096	0.36922466638791746	0.02064247357476676	0.05540702708195905	0.0	0.0
PD3904a_non-exome	C[T>G]G	0.0034016335969022137	0.5513449595656055	0.22444992059770347	0.0980674111764079	0.12273607506338086	0.0	0.0
PD3904a_non-exome	C[T>G]T	0.002453177747387846	0.21418612111488844	0.5469865682530219	0.13853563887201617	0.09783849401268546	0.0	0.0
PD3904a_non-exome	G[C>A]A	0.008970495468493704	0.530968457809464	0.1341213158805102	0.3213921104186021	0.004547620422929947	0.0	0.0
PD3904a_non-exome	G[C>A]C	0.003722581230437853	0.6404584758843447	0.20352195803891246	0.12730030424248492	0.024996680603819942	0.0	0.0
PD3904a_non-exome	G[C>A]G	0.016110035482676775	0.3757224749617726	0.1771978977247652	0.3958866951373293	0.035082896693456024	0.0	0.0
PD3904a_non-exome	G[C>A]T	0.0036752038306759175	0.5550197093764893	0.21802246477172715	0.20927523185078722	0.01400739017032038	0.0	0.0
PD3904a_non-exome	G[C>G]A	0.012636342614368426	0.6270585522512923	0.15658528159248997	0.11757495763525583	0.08614486590659359	0.0	0.0
PD3904a_non-exome	G[C>G]C	0.006819487337305911	0.6817306818752613	0.18416654498809748	0.06826093676051875	0.05902234903881653	0.0	0.0
PD3904a_non-exome	G[C>G]G	0.022332394190440367	0.7228381844640933	0.011497518056027115	0.0047926765600038125	0.2385392267294354	0.0	0.0
PD3904a_non-exome	G[C>G]T	0.017147769535780698	0.5904333321267311	0.2303623371365201	0.023862673189555903	0.13819388801141216	0.0	0.0
PD3904a_non-exome	G[C>T]A	0.031743479318752064	0.4632461465294258	0.22212519800672414	0.24324832783052389	0.039636848314574105	0.0	0.0
PD3904a_non-exome	G[C>T]C	0.017718962171156358	0.43794767922156574	0.21584266809245742	0.27953630958346903	0.04895438093135155	0.0	0.0
PD3904a_non-exome	G[C>T]G	0.017107391205463045	0.1135052040042333	0.2023364395646218	0.6215265714760327	0.045524393749649006	0.0	0.0
PD3904a_non-exome	G[C>T]T	0.025240820554323688	0.5160933778416001	0.21752508699201398	0.1883191243027194	0.05282159030934274	0.0	0.0
PD3904a_non-exome	G[T>A]A	0.007722721969636804	0.7645363155220599	0.166572877136455	0.03432983896139007	0.026838246410458306	0.0	0.0
PD3904a_non-exome	G[T>A]C	0.004438919392522209	0.6701658648392401	0.20220431630239818	0.06552613586659707	0.057664763599242344	0.0	0.0
PD3904a_non-exome	G[T>A]G	0.00845536312712163	0.6890392908007144	0.153640322493587	0.09823238052805985	0.050632643050517186	0.0	0.0
PD3904a_non-exome	G[T>A]T	0.0004602180463191846	0.644006366351581	0.2700006156739517	0.043466758014865194	0.04206604191328277	0.0	0.0
PD3904a_non-exome	G[T>C]A	0.005677046879583851	0.5299158041593998	0.2706312052839919	0.13448323743118834	0.059292706245835984	0.0	0.0
PD3904a_non-exome	G[T>C]C	0.006396211153535053	0.4642860893387009	0.31612498734600103	0.16256401298672582	0.05062869917503722	0.0	0.0
PD3904a_non-exome	G[T>C]G	0.010743538151858845	0.5244505605753036	0.22679781796487297	0.11060595188832432	0.1274021314196403	0.0	0.0
PD3904a_non-exome	G[T>C]T	0.0035341599386706146	0.39475987816047514	0.35991585343531385	0.19445734337692544	0.047332765088614955	0.0	0.0
PD3904a_non-exome	G[T>G]A	0.00685685878567078	0.5488325942502328	0.33675363276285986	0.018491532650303243	0.0890653815509333	0.0	0.0
PD3904a_non-exome	G[T>G]C	0.004461864443327969	0.6694667278996618	0.15324960273716978	0.059878944862797163	0.11294286005704327	0.0	0.0
PD3904a_non-exome	G[T>G]G	0.02326720677143337	0.626917579285958	0.29704938771320116	0.0036066657249779702	0.04915916050442954	0.0	0.0
PD3904a_non-exome	G[T>G]T	0.006133726519695725	0.43455024383117163	0.3675806426874418	0.11839375503456924	0.07334163192712172	0.0	0.0
PD3904a_non-exome	T[C>A]A	0.10118978638765547	0.5148453198956782	0.12904259243506042	0.20758738998272636	0.04733491129887952	0.0	0.0
PD3904a_non-exome	T[C>A]C	0.059316971346101394	0.5166079700291343	0.09958146407310468	0.21477563456874785	0.10971795998291176	0.0	0.0
PD3904a_non-exome	T[C>A]G	0.07405354171554447	0.4259693295668681	0.1553006298422839	0.32916457089782725	0.015511927977476303	0.0	0.0
PD3904a_non-exome	T[C>A]T	0.04675668163008299	0.47754826439033987	0.18766578173049392	0.22867028958304117	0.05935898266604217	0.0	0.0
PD3904a_non-exome	T[C>G]A	0.5063468471114316	0.00646040434004762	0.21754240640495823	0.005582034246142949	0.26406830789741953	0.0	0.0
PD3904a_non-exome	T[C>G]C	0.17632320594468245	0.2901573755217849	0.21807788448619275	0.09998817931101847	0.21545335473632143	0.0	0.0
PD3904a_non-exome	T[C>G]G	0.42318847640418494	0.010508060128012971	0.19339787760308053	0.04324768764323216	0.3296578982214894	0.0	0.0
PD3904a_non-exome	T[C>G]T	0.3931096775630288	0.1066316473534835	0.1803684482474143	0.06058159412134472	0.2593086327147288	0.0	0.0
PD3904a_non-exome	T[C>T]A	0.5262162874081454	0.08278049332298469	0.28861312112290755	0.0779868442237137	0.024403253922248833	0.0	0.0
PD3904a_non-exome	T[C>T]C	0.21820680043123958	0.21487490716599236	0.2724527660213735	0.25542564726292205	0.03903987911847258	0.0	0.0
PD3904a_non-exome	T[C>T]G	0.21275164065997113	3.802660050222961e-05	0.22789432340118998	0.5277744300312788	0.031541579307057845	0.0	0.0
PD3904a_non-exome	T[C>T]T	0.35460803883938613	0.21936787368309002	0.19557606108965597	0.18696616055714624	0.04348186583072168	0.0	0.0
PD3904a_non-exome	T[T>A]A	0.003209231529313894	0.3222331933810363	0.31848064185954245	0.30358899296951236	0.05248794026059496	0.0	0.0
PD3904a_non-exome	T[T>A]C	0.0020675431738906474	0.7138080695871465	0.1748200063438062	0.08417981770458031	0.02512456319057632	0.0	0.0
PD3904a_non-exome	T[T>A]G	0.002156197667502573	0.6067458340971711	0.20408016096297493	0.13596788436468238	0.051049922907669	0.0	0.0
PD3904a_non-exome	T[T>A]T	0.0008823860095940976	0.6905471394137415	0.17175769625205237	0.0998746622912809	0.03693811603333098	0.0	0.0
PD3904a_non-exome	T[T>C]A	0.0025281997229716527	0.5519663590449073	0.21965565695368477	0.17004623875877806	0.055803545519658146	0.0	0.0
PD3904a_non-exome	T[T>C]C	0.0076126994746857435	0.5275715385278434	0.21947888802315382	0.19165704423344923	0.053679829740867935	0.0	0.0
PD3904a_non-exome	T[T>C]G	0.004531298633517591	0.45027497801022	0.23572492070913456	0.2513524507521953	0.05811635189493254	0.0	0.0
PD3904a_non-exome	T[T>C]T	0.003035946207417342	0.4264228470251706	0.2856521675756487	0.22788444133539612	0.05700459785636739	0.0	0.0
PD3904a_non-exome	T[T>G]A	0.0038496021731711447	0.5720017975407024	0.26997620633881614	0.08793911604369863	0.06623327790361186	0.0	0.0
PD3904a_non-exome	T[T>G]C	0.0028975964404475228	0.6571972367194355	0.15764032146608697	0.15889485800299927	0.023369987371030663	0.0	0.0
