Sample Names	MutationType	SBS96A	SBS96B	SBS96C	SBS96D	SBS96E	SBS96F
PD3851a_non-exome	A[C>A]A	0.001853373758750755	0.2380325686856607	0.15798663106724387	0.014034103269568181	0.26768465229030797	0.32040867092846853
PD3851a_non-exome	A[C>A]C	0.0004863065646223819	0.2803233603063924	0.1495437887547543	0.015077362748802997	0.21839482422316644	0.3361743574022614
PD3851a_non-exome	A[C>A]G	0.0012329811181049377	0.3125786880930341	0.04225530369794863	0.011658181413829372	0.07080929888773398	0.5614655467893489
PD3851a_non-exome	A[C>A]T	0.0009647619577281212	0.3720636350999352	0.12469690593644436	0.018212759095694243	0.2086216867749346	0.2754402511352637
PD3851a_non-exome	A[C>G]A	0.003048669742340263	0.40553561527820814	0.10834018997505677	0.05916164926536409	0.1504766801879946	0.273437195551036
PD3851a_non-exome	A[C>G]C	0.0013118853829950053	0.3161400209024403	0.10072986671593857	0.040973626994776184	0.20471204605746843	0.3361325539463816
PD3851a_non-exome	A[C>G]G	0.00037375550785969064	0.5110977823433801	0.01094481723180416	0.021555705383742668	0.07130749139065314	0.3847204481425603
PD3851a_non-exome	A[C>G]T	0.003351960324252521	0.363978797581901	0.13831600734743937	0.07121725544257541	0.24992692086846488	0.17320905843536674
PD3851a_non-exome	A[C>T]A	0.0031076177794062128	0.21061151831803773	0.13105230413964977	0.0069353337234098885	0.2395629900323013	0.40873023600719505
PD3851a_non-exome	A[C>T]C	0.002279824383121303	0.16756930263470718	0.08939757952177249	0.044301044635009966	0.22626245467400344	0.4701897941513856
PD3851a_non-exome	A[C>T]G	0.00035930148717477	0.011014902793992575	0.05051051191306655	0.009454575372944302	0.16730894145289282	0.7613517669799289
PD3851a_non-exome	A[C>T]T	0.0027463073169345102	0.3503339535600152	0.1370622247642315	0.027259997097064618	0.2333491248878301	0.2492483923739241
PD3851a_non-exome	A[T>A]A	0.0026519119099900853	0.08784205329635489	0.3153997469176703	0.020144503190341233	0.11542092328816894	0.45854086139747446
PD3851a_non-exome	A[T>A]C	0.001645072775117314	0.11047183677857839	0.1358919258038302	0.017446544084892456	0.16643328720562897	0.5681113333519527
PD3851a_non-exome	A[T>A]G	0.0011881202879043663	0.2953487137351269	0.16170467794058155	0.012319045678641283	0.1067562646976786	0.42268317766006736
PD3851a_non-exome	A[T>A]T	9.209109955675082e-05	0.09736467339697295	0.23315074574777134	0.011585064124194109	0.14168846015355455	0.5161189654779504
PD3851a_non-exome	A[T>C]A	0.0005448748626009537	0.12843075247091995	0.22056910942202254	0.018995409963359508	0.20355845800880734	0.42790139527228965
PD3851a_non-exome	A[T>C]C	0.0005033289755136431	0.28558200969626674	0.057628332582052334	0.018716878789581205	0.18699409451474572	0.4505753554418403
PD3851a_non-exome	A[T>C]G	0.000966964161264261	0.18660169335528146	0.13855973367585409	0.035798800343776756	0.21122536382028312	0.4268474446435402
PD3851a_non-exome	A[T>C]T	0.00030323068221831963	0.18602432761213109	0.17943229438482505	0.029380240011183913	0.16198647965897817	0.4428734276506635
PD3851a_non-exome	A[T>G]A	0.0003985630348597314	0.19400459281618684	0.182611179190253	0.020033888404311584	0.08488888854485345	0.5180628880095353
PD3851a_non-exome	A[T>G]C	0.0010385149698251992	0.08661361501530813	0.10785500064436901	0.01960683314549061	0.13687379112807993	0.6480122450969271
PD3851a_non-exome	A[T>G]G	0.0005303292864354243	0.5436137705643839	0.18089422226941043	0.07727998854946123	0.1641270413368411	0.03355464799346802
PD3851a_non-exome	A[T>G]T	0.00013915895327638314	0.10422420911128764	0.2593642082546821	0.06164966184446444	0.23659657577591375	0.33802618606037566
PD3851a_non-exome	C[C>A]A	0.0014689319343533613	0.2865029182461655	0.1853432411147536	0.02236098341898238	0.205753707396674	0.2985702178890711
PD3851a_non-exome	C[C>A]C	0.0021919493789609745	0.43594400594212707	0.228149933852664	0.024676640384486068	0.27324846461434715	0.035789005827414865
PD3851a_non-exome	C[C>A]G	0.0009972908378664115	0.3393393860091975	0.01887129263946485	0.008175192116537182	0.11428351555462811	0.5183333228423059
PD3851a_non-exome	C[C>A]T	0.0011220892744264162	0.35084353755767217	0.2094332776094034	0.014006624037101213	0.2420281039442333	0.18256636757716363
PD3851a_non-exome	C[C>G]A	0.006986045058450776	0.47041778214614316	0.19526872351340435	0.0842207796483445	0.19242505523694212	0.05068161439671517
PD3851a_non-exome	C[C>G]C	0.0033480402790771586	0.3978399932323562	0.263747539081681	0.04616309243757704	0.25736880961581177	0.0315325253534967
PD3851a_non-exome	C[C>G]G	0.0018976620320020567	0.3501386052132088	0.027526409528116698	0.03443755966018386	0.11649147761318701	0.46950828595330163
PD3851a_non-exome	C[C>G]T	0.006704404750784781	0.324115850571783	0.192501877302152	0.06615838714452088	0.29543127911602335	0.11508820111473599
PD3851a_non-exome	C[C>T]A	0.009750316841416355	0.10761019729806665	0.12401879421125482	0.011406089234384232	0.20281261390893307	0.5444019885059448
PD3851a_non-exome	C[C>T]C	0.003486814247868381	0.09129889730866189	0.12352927461487037	0.010190810270567325	0.25963978329679505	0.511854420261237
PD3851a_non-exome	C[C>T]G	0.0020491561773298738	0.03321775515327564	0.031915590371605025	0.009638710839663268	0.1722099929701172	0.7509687944880091
PD3851a_non-exome	C[C>T]T	0.004773265541590835	0.2296927354009823	0.06726093109223465	0.02462277854295507	0.27975964575317674	0.3938906436690604
PD3851a_non-exome	C[T>A]A	0.0017503769197190358	0.36721564784193034	0.30449118891380295	0.035317103038674115	0.20572212205506987	0.08550356123080378
PD3851a_non-exome	C[T>A]C	0.0009841334486387443	0.38674051068691356	0.15788395870635366	0.02217057036691734	0.1479705447953603	0.2842502819958165
PD3851a_non-exome	C[T>A]G	0.000711661276982372	0.41391995157878664	0.17835168973213933	0.029404684384334367	0.22598005453911293	0.15163195848864444
PD3851a_non-exome	C[T>A]T	0.00020015556700687647	0.49434893668218177	0.13278239725030533	0.029824579405025295	0.1322439928541558	0.21059993824132486
PD3851a_non-exome	C[T>C]A	0.00016904774727273075	0.3044411528413925	0.13239752416218706	0.037532910069908276	0.19833539031819117	0.32712397486104816
PD3851a_non-exome	C[T>C]C	0.001098753309518448	0.37317197813137093	0.09128764299154522	0.010725159308810675	0.1632514418379522	0.3604650244208026
PD3851a_non-exome	C[T>C]G	0.0018552088061918825	0.16140615560159546	0.17337054103317107	0.05007129895864748	0.1538773024469167	0.4594194931534774
PD3851a_non-exome	C[T>C]T	0.000989356291607417	0.25544329811827404	0.2685351457887323	0.048937910532471575	0.31661242346120255	0.10948186580771206
PD3851a_non-exome	C[T>G]A	4.7708985767628635e-05	0.2762539673749507	0.11445544835728885	0.0459091508110972	0.2504450760727999	0.31288864839809555
PD3851a_non-exome	C[T>G]C	0.0011341828801504023	0.3015553677311911	0.19427004164571615	0.029410989635947644	0.14561359759683787	0.3280158205101568
PD3851a_non-exome	C[T>G]G	0.0007981928711147837	0.3502400272620389	0.185944988339779	0.07119800812909155	0.23542063294239746	0.1563981504555784
PD3851a_non-exome	C[T>G]T	0.00016203286572460422	0.10516202536335803	0.2944504028982797	0.02825852367079839	0.16911548737720364	0.4028515278246357
PD3851a_non-exome	G[C>A]A	0.0012404070652574574	0.24660698026115488	0.052798182268683554	0.005646235776982755	0.1731080027943872	0.5206001918335342
PD3851a_non-exome	G[C>A]C	0.0011852731009300032	0.21539973400769138	0.22458156163470547	0.014036140024029422	0.30968850571121287	0.23510878552143083
PD3851a_non-exome	G[C>A]G	0.0017557669993251365	0.02928491732442642	0.10076480978418086	0.011923238563879657	0.17283316369655582	0.683438103631632
PD3851a_non-exome	G[C>A]T	0.0009811792540441056	0.22509297574694806	0.14504557745806318	0.0074448537696395894	0.18505654659120457	0.43637886718010044
PD3851a_non-exome	G[C>G]A	0.0016088157842596151	0.32877951594842314	0.09635678499885293	0.03491048743999423	0.14259759097347802	0.39574680485499214
PD3851a_non-exome	G[C>G]C	0.0016374756254454433	0.2943359759749003	0.16811760595600805	0.023732300434465194	0.18330850136846963	0.32886814064071146
PD3851a_non-exome	G[C>G]G	0.0017622235012434394	0.428934948737339	0.03762532995704547	0.07863245645035306	0.166798479497963	0.28624656185605596
PD3851a_non-exome	G[C>G]T	0.004070915229515712	0.4860541612315729	0.18727984343423607	0.07254931006366563	0.1947117196688091	0.05533405037220058
PD3851a_non-exome	G[C>T]A	0.006399663600332469	0.1083111810374993	0.13925770965573786	0.010291821714052775	0.2220747150172033	0.5136649089751744
PD3851a_non-exome	G[C>T]C	0.0031989127993830827	0.07718236593944254	0.1303959799331767	0.013243032535209361	0.22736873190302925	0.548610976889759
PD3851a_non-exome	G[C>T]G	0.0010335675872455085	0.03874545584518986	0.053930021196612055	0.012113708474533615	0.12065197368293348	0.7735252732134855
PD3851a_non-exome	G[C>T]T	0.0038085063322124734	0.1621720978500467	0.09785687163092524	0.01800562860671572	0.24850616968469955	0.4696507258954003
PD3851a_non-exome	G[T>A]A	0.0014244853060874718	0.5282014606051343	0.12779155643557405	0.029257415796268497	0.14802935236470094	0.1652957294922347
PD3851a_non-exome	G[T>A]C	0.001563424097135555	0.23603046207035833	0.19376234572837106	0.027476524486037948	0.15604634522192318	0.38512089839617386
PD3851a_non-exome	G[T>A]G	0.001626860766381757	0.3005659554498398	0.1520462954305829	0.027350114992852476	0.1297690533587874	0.38864172000155567
PD3851a_non-exome	G[T>A]T	0.00038389039448630735	0.4457675908021743	0.1512619536587207	0.031196565241461437	0.17541096079592838	0.19597903910722878
PD3851a_non-exome	G[T>C]A	0.0005520686158699261	0.153496922740122	0.13951803375456293	0.02367239149016942	0.14125238994391648	0.5415081934553593
PD3851a_non-exome	G[T>C]C	0.0010389536610448124	0.22545648907913238	0.07850864280452921	0.019663661248375094	0.22267414727869117	0.4526581059282273
PD3851a_non-exome	G[T>C]G	0.0009509734492777597	0.20610452235221433	0.09552731816703063	0.028519656109071496	0.13013791516093973	0.538759614761466
PD3851a_non-exome	G[T>C]T	0.00047755982402664327	0.10547634006183444	0.19235696333746818	0.013610605410167008	0.1628645518098336	0.5252139795566702
PD3851a_non-exome	G[T>G]A	0.000814448268147012	0.40804535490129257	0.18145603109977554	0.05951092310701901	0.17708135450521406	0.1730918881185519
PD3851a_non-exome	G[T>G]C	0.0012537847514999382	0.40858297444049707	0.11568471177362187	0.05279389791822333	0.2377017630291331	0.18398286808702455
PD3851a_non-exome	G[T>G]G	0.004078769526206136	0.39095901765554375	0.13368666949306524	0.03597433900901627	0.1853731236489623	0.2499280806672063
PD3851a_non-exome	G[T>G]T	0.0009733698849621998	0.30792148735986186	0.17752871193616881	0.02711284133328871	0.17934081485602424	0.30712277462969423
PD3851a_non-exome	T[C>A]A	0.02551390670319784	0.12442544199297499	0.16061181141090194	0.019714298107496517	0.2446001864805123	0.42513435530491633
PD3851a_non-exome	T[C>A]C	0.011656958983676566	0.1575178993350307	0.12146298343990596	0.03927918619635005	0.2574236999645932	0.4126592720804437
PD3851a_non-exome	T[C>A]G	0.007597763976087561	0.10684742892062245	0.08518885622356483	2.7292477424370913e-05	0.16645885965621607	0.6338797987460847
PD3851a_non-exome	T[C>A]T	0.011568791881267027	0.12408439217385842	0.204396668939324	0.02422811372101827	0.30678823049559245	0.3289338027889398
PD3851a_non-exome	T[C>G]A	0.36251922711998197	0.03108837931060194	0.027108941823209165	0.34070510474648874	0.22072779988448432	0.017850547115233872
PD3851a_non-exome	T[C>G]C	0.05275885643755704	0.20417920666222825	0.15437274057130548	0.12404153998596118	0.13803086186894584	0.3266167944740023
PD3851a_non-exome	T[C>G]G	0.04322779157879783	0.2752783069710784	0.002513948356844939	0.08605466881014884	0.1728926936859393	0.4200325905971906
PD3851a_non-exome	T[C>G]T	0.21046238364683223	0.07936696574491695	0.09896078308766007	0.2628366014473388	0.23215917191723323	0.11621409415601884
PD3851a_non-exome	T[C>T]A	0.14923906446793433	0.04140324897876242	0.03794218712386449	0.014440281863678375	0.19563795427087624	0.5613372632948841
PD3851a_non-exome	T[C>T]C	0.043510755143894166	0.05772273926873303	0.11530794002514853	0.013395061973104876	0.321521785685407	0.44854171790371256
PD3851a_non-exome	T[C>T]G	0.019255986349576808	0.020998828147945875	0.02037722640480941	0.008066898080524241	0.13710832218793337	0.7941927388292103
PD3851a_non-exome	T[C>T]T	0.09362843235983594	0.10798316613875188	0.06836381685844282	0.016750415704668502	0.28872575378469023	0.42454841515361064
PD3851a_non-exome	T[T>A]A	0.00012470127614529574	0.06820536533130099	0.17730255116827187	0.0104421035907688	0.20150872995532879	0.5424165486781842
PD3851a_non-exome	T[T>A]C	0.0005118955297556554	0.32711208418102944	0.2530737869016476	0.031833560181634246	0.2793766922308745	0.10809198097505852
PD3851a_non-exome	T[T>A]G	0.0003629887625717125	0.2969811361895216	0.1437994173108112	0.02740183830803106	0.27072720925568966	0.26072741017337486
PD3851a_non-exome	T[T>A]T	0.00015076482397704798	0.4012482870913404	0.17216896982753882	0.02507980327494205	0.17136526952159156	0.22998690546060999
PD3851a_non-exome	T[T>C]A	0.0007075278366020979	0.1271435479786319	0.22386610660337602	0.017366456901498132	0.18955637141541593	0.4413599892644757
PD3851a_non-exome	T[T>C]C	0.0012204121601787391	0.22717318422995256	0.10272443125828676	0.022741105823888264	0.13220620882098283	0.5139346577067109
PD3851a_non-exome	T[T>C]G	0.0007224928180406576	0.18262435353118137	0.12419782779781285	0.015814493404608405	0.314919390465956	0.36172144198240064
PD3851a_non-exome	T[T>C]T	0.0006409595438127829	0.13027238910797154	0.12313022079080116	0.0205642810163363	0.2351890849174995	0.49020306462357877
PD3851a_non-exome	T[T>G]A	0.0008351902728133259	0.3087112510272117	0.19204563146399165	0.038866718129317544	0.2631695569047101	0.19637165220195577
PD3851a_non-exome	T[T>G]C	0.0003734705319238035	0.291222980231202	0.10312948442277399	0.020381731022689045	0.19913640446621853	0.38575592932519254
PD3851a_non-exome	T[T>G]G	0.0003363205422373171	0.34483652247933017	0.16238565365913846	0.040123436397089915	0.14364426855674878	0.3086737983654553
PD3851a_non-exome	T[T>G]T	0.0008763904147709447	0.22169901341920809	0.15007144249734108	0.033178644282982596	0.15251306183886396	0.44166144754683334
PD3890a_non-exome	A[C>A]A	0.007276529934799877	0.2755640717548693	0.29569095004890517	0.16828077017647675	0.253187678084949	0.0
PD3890a_non-exome	A[C>A]C	0.001921433326106843	0.3265873635579647	0.2816695825914617	0.18194037396939422	0.20788124655507262	0.0
PD3890a_non-exome	A[C>A]G	0.007418215163573712	0.554532830868575	0.12119385812791991	0.2142211377164971	0.10263395812343444	0.0
PD3890a_non-exome	A[C>A]T	0.003495489835353667	0.39749346930336676	0.21537730326466684	0.20153576536151438	0.1820979722350984	0.0
PD3890a_non-exome	A[C>G]A	0.00779284698567187	0.3056607462007982	0.13201757316569473	0.4618644687726806	0.09266436487515461	0.0
PD3890a_non-exome	A[C>G]C	0.004138353197836673	0.294060057454979	0.15147686342537345	0.3947522213801872	0.15557250454162366	0.0
PD3890a_non-exome	A[C>G]G	0.0015618074478738917	0.6297508816140679	0.021802424219269048	0.27510003128408267	0.0717848554347065	0.0
PD3890a_non-exome	A[C>G]T	0.007377785658574115	0.23622624676003062	0.14512959798952446	0.4787413165134038	0.13252505307846715	0.0
PD3890a_non-exome	A[C>T]A	0.015043238294621576	0.30062199740428097	0.3024229757814446	0.10253440459818335	0.27937738392146944	0.0
PD3890a_non-exome	A[C>T]C	0.008024217105182073	0.17390843146327076	0.14999729265427916	0.47621575122767956	0.1918543075495884	0.0
PD3890a_non-exome	A[C>T]G	0.0037091694852662577	0.03352920311983719	0.24857406660324524	0.29809054725833944	0.41609701353331185	0.0
PD3890a_non-exome	A[C>T]T	0.00883456232922	0.33230971252698543	0.21018903962456864	0.26782445066743493	0.18084223485179096	0.0
PD3890a_non-exome	A[T>A]A	0.00988638364253933	0.09656188692788117	0.5605264229768405	0.22936304157189363	0.10366226488084541	0.0
PD3890a_non-exome	A[T>A]C	0.00855113276320756	0.1693226311607058	0.33673524212820577	0.27697237736083397	0.2084186165870468	0.0
PD3890a_non-exome	A[T>A]G	0.005194968906892921	0.38078736016232106	0.3370555699059109	0.16450841526728818	0.1124536857575869	0.0
PD3890a_non-exome	A[T>A]T	0.00043965069231035014	0.13706179455805964	0.5306196095217233	0.16891843821313837	0.1629605070147685	0.0
PD3890a_non-exome	A[T>C]A	0.0021741340830427835	0.15110661551352722	0.41955666570865724	0.23148706858705703	0.1956755161077158	0.0
PD3890a_non-exome	A[T>C]C	0.002347650487616234	0.39276904536505586	0.1281368212214183	0.2666265839870652	0.2101198989388444	0.0
PD3890a_non-exome	A[T>C]G	0.0034257474053106117	0.1949330326619993	0.2340121372927743	0.38734855935084783	0.180280523289068	0.0
PD3890a_non-exome	A[T>C]T	0.0011253740373197562	0.20357216317526963	0.317453955588458	0.33301791726022717	0.14483058993872544	0.0
PD3890a_non-exome	A[T>G]A	0.0017612627592394111	0.25279241918079576	0.38468998485590333	0.270383943518805	0.09037238968525632	0.0
PD3890a_non-exome	A[T>G]C	0.006078512257773374	0.14948430629932327	0.3009408929592925	0.3504939300548131	0.19300235842879768	0.0
PD3890a_non-exome	A[T>G]G	0.0010147475119682411	0.30670985682630064	0.16500361681972253	0.4516145711231516	0.07565720771885687	0.0
PD3890a_non-exome	A[T>G]T	0.00034807242357536375	0.0768691310018955	0.3092608118987147	0.47095311631618997	0.14256886835962446	0.0
PD3890a_non-exome	C[C>A]A	0.005027725110441891	0.28915040282816756	0.30241476376396886	0.23374873234785593	0.16965837594956582	0.0
PD3890a_non-exome	C[C>A]C	0.005757779343597477	0.33766038173516394	0.28569407130266644	0.19796984432315534	0.17291792329541686	0.0
PD3890a_non-exome	C[C>A]G	0.00613515268755295	0.615549121152776	0.05534285755570467	0.15359957931294502	0.16937328929102138	0.0
PD3890a_non-exome	C[C>A]T	0.0036729728566739232	0.3386325403056837	0.32680777564691893	0.14002716358833908	0.19085954760238447	0.0
PD3890a_non-exome	C[C>G]A	0.012880765681419768	0.2557519342467132	0.17163243680633658	0.47426171492780783	0.08547314833772253	0.0
PD3890a_non-exome	C[C>G]C	0.007450340588853211	0.2610470506520453	0.2797887529039863	0.31373925378411194	0.13797460207100332	0.0
PD3890a_non-exome	C[C>G]G	0.007545224783801832	0.4105047729258955	0.0521746164199053	0.4181905312378587	0.11158485463253866	0.0
PD3890a_non-exome	C[C>G]T	0.014347944981771254	0.20452888334323918	0.1963906603883673	0.43241713906762735	0.15231537221899483	0.0
PD3890a_non-exome	C[C>T]A	0.052905201592054384	0.1721701953083173	0.32079200311541495	0.18901876548949392	0.2651138344947195	0.0
PD3890a_non-exome	C[C>T]C	0.01905674632232973	0.14713309565588606	0.32184459189882536	0.17010503530398807	0.34186053081897083	0.0
PD3890a_non-exome	C[C>T]G	0.020913205928246133	0.09996333421698568	0.15527617363513	0.3004367244621239	0.42341056175751446	0.0
PD3890a_non-exome	C[C>T]T	0.019312085645470534	0.2740221961827774	0.12972773701466198	0.30425600253685225	0.27268197862023785	0.0
PD3890a_non-exome	C[T>A]A	0.004242220463683212	0.262426528263402	0.3517975172873837	0.26141785168182197	0.12011588230370909	0.0
PD3890a_non-exome	C[T>A]C	0.0033514300288438503	0.3883476930604984	0.2563129533482569	0.23059056970478362	0.12139735385761728	0.0
PD3890a_non-exome	C[T>A]G	0.002021579791618488	0.34670396788892704	0.24151892340164666	0.25510712401309665	0.15464840490471118	0.0
PD3890a_non-exome	C[T>A]T	0.0006024909670658723	0.438774489942008	0.19053718962988275	0.27418627190996875	0.09589955755107468	0.0
PD3890a_non-exome	C[T>C]A	0.000535866909632943	0.2845612823202098	0.20007084190049887	0.36336935888480626	0.15146264998485212	0.0
PD3890a_non-exome	C[T>C]C	0.004845921249872466	0.4852997640136203	0.19193073823667028	0.14446692213820245	0.17345665436163457	0.0
PD3890a_non-exome	C[T>C]G	0.005759877145757906	0.1477629034640453	0.25659731727076757	0.47478587896399077	0.1150940231554384	0.0
PD3890a_non-exome	C[T>C]T	0.0023004880587586406	0.175140536491545	0.29766294981921787	0.3475371204885455	0.17735890514193298	0.0
PD3890a_non-exome	C[T>G]A	0.00014173121305147338	0.24199073759491202	0.1620907287703651	0.4165365274763207	0.17924027494535066	0.0
PD3890a_non-exome	C[T>G]C	0.0036875748539452976	0.28910108398012635	0.3011063915546789	0.2920491239152059	0.11405582569604358	0.0
PD3890a_non-exome	C[T>G]G	0.0017096375142146801	0.22120089085718392	0.18986156467929977	0.4657496641931151	0.12147824275618656	0.0
PD3890a_non-exome	C[T>G]T	0.0005426669936859208	0.10385182569283372	0.4701092875329733	0.2890468733431731	0.136449346437334	0.0
PD3890a_non-exome	G[C>A]A	0.007846997022554071	0.4600123815869347	0.15922622958696356	0.10909046138499877	0.26382393041854896	0.0
PD3890a_non-exome	G[C>A]C	0.004097944306982235	0.21959259223461894	0.3701502990516946	0.14821215702701665	0.25794700737968757	0.0
PD3890a_non-exome	G[C>A]G	0.0128646987357507	0.06327055443742159	0.35196381113638003	0.26681822114378967	0.30508271454665803	0.0
PD3890a_non-exome	G[C>A]T	0.0048139883336410115	0.3256443283199548	0.33924819975873616	0.11155816468356448	0.21873531890410328	0.0
PD3890a_non-exome	G[C>G]A	0.005635791031007731	0.33960823618463604	0.16091156100463422	0.3735020486151013	0.12034236316462077	0.0
PD3890a_non-exome	G[C>G]C	0.005741222164255377	0.30429705993328937	0.28099532175992203	0.2541311248464919	0.15483527129604138	0.0
PD3890a_non-exome	G[C>G]G	0.004131679412701612	0.2965390964590632	0.042053517586395445	0.563061694450103	0.09421401209173665	0.0
PD3890a_non-exome	G[C>G]T	0.008058756142025657	0.28371710535494976	0.17673533063210792	0.4386294167961563	0.09285939107476038	0.0
PD3890a_non-exome	G[C>T]A	0.033743560730429584	0.16839607083079988	0.3500333262768131	0.16573511339245675	0.2820919287695007	0.0
PD3890a_non-exome	G[C>T]C	0.017447927538985605	0.12413219472755477	0.33904866103403036	0.22060604351910526	0.29876517318032414	0.0
PD3890a_non-exome	G[C>T]G	0.009916144962374859	0.1096098692979803	0.24665558890043718	0.3549519904793549	0.2788664063598526	0.0
PD3890a_non-exome	G[C>T]T	0.01786883270148979	0.22435850369080065	0.21887149900094388	0.25801104698225735	0.2808901176245084	0.0
PD3890a_non-exome	G[T>A]A	0.004151672789517387	0.4539307892940592	0.17755123086914054	0.2604291659866191	0.10393714106066385	0.0
PD3890a_non-exome	G[T>A]C	0.005484925612131032	0.24416696025239765	0.3240557319951278	0.2944043690186394	0.13188801312170412	0.0
PD3890a_non-exome	G[T>A]G	0.0058619318310400926	0.3193412821550531	0.2611695885545248	0.30098028354930495	0.11264691391007703	0.0
PD3890a_non-exome	G[T>A]T	0.0011242247368753583	0.384927803213684	0.21116988366094866	0.2790237585626058	0.12375432982588612	0.0
PD3890a_non-exome	G[T>C]A	0.0025248831880921177	0.2070011720058664	0.30418301661478103	0.3306578812329735	0.15563304695828706	0.0
PD3890a_non-exome	G[T>C]C	0.004751787988724653	0.30405245666377156	0.17117279067917684	0.27467161051678285	0.2453513541515441	0.0
PD3890a_non-exome	G[T>C]G	0.004213105242387402	0.26924418763530666	0.2017520170684388	0.38589283320588824	0.13889785684797906	0.0
PD3890a_non-exome	G[T>C]T	0.002340033005785335	0.15239620448578506	0.4493228406496297	0.2036855196831254	0.19225540217567458	0.0
PD3890a_non-exome	G[T>G]A	0.0018850743578807238	0.2784827631780685	0.2002132304692441	0.4206783686270162	0.09874056336779048	0.0
PD3890a_non-exome	G[T>G]C	0.0031710533449445092	0.30470931404358215	0.13948031420913923	0.40780524306895677	0.14483407533337742	0.0
PD3890a_non-exome	G[T>G]G	0.012081000170085102	0.34145215559932546	0.18876358301918356	0.3254281070226304	0.13227515418877533	0.0
PD3890a_non-exome	G[T>G]T	0.00321870148250499	0.3002394043847573	0.27985159108754176	0.2738207398245788	0.1428695632206171	0.0
PD3890a_non-exome	T[C>A]A	0.09892731337850444	0.14225690093115573	0.29687465055717543	0.2334581735980249	0.2284829615351395	0.0
PD3890a_non-exome	T[C>A]C	0.03911902694529635	0.15586822364825473	0.19431355765902034	0.40258145848107885	0.20811773326634983	0.0
PD3890a_non-exome	T[C>A]G	0.06336789589275904	0.2627679931809429	0.338705820447658	0.0006952083198450554	0.33446308215879506	0.0
PD3890a_non-exome	T[C>A]T	0.03941662399857681	0.12466182294204933	0.33198740974061086	0.25211549148640583	0.2518186518323571	0.0
PD3890a_non-exome	T[C>G]A	0.24521959543216085	0.006200791202825571	0.0087416431850399	0.7038680938703941	0.035969876309579464	0.0
PD3890a_non-exome	T[C>G]C	0.0881298848360153	0.10056902518868115	0.12292913541148966	0.6328248005442634	0.05554715401955041	0.0
PD3890a_non-exome	T[C>G]G	0.10051313238306857	0.18873682577302614	0.0027865862791428783	0.611114669135107	0.09684878642965541	0.0
PD3890a_non-exome	T[C>G]T	0.18466315481871234	0.020533852721096025	0.04139284461020035	0.7043363809318146	0.049073766918176755	0.0
PD3890a_non-exome	T[C>T]A	0.5511673710384141	0.04508793063483538	0.06680050212904601	0.1628790263208715	0.17406516987683296	0.0
PD3890a_non-exome	T[C>T]C	0.18604783313119658	0.07277795156473632	0.2350409819905902	0.1749287670935266	0.33120446621995037	0.0
PD3890a_non-exome	T[C>T]G	0.20743210831727424	0.06670066608467952	0.10464335776248114	0.26540267420274916	0.355821193632816	0.0
PD3890a_non-exome	T[C>T]T	0.335857420732634	0.11421631730552148	0.11690413757109759	0.18351066058172008	0.24951146380902683	0.0
PD3890a_non-exome	T[T>A]A	0.0006733480066527954	0.10859557265752087	0.4563941292751402	0.1722047753840037	0.26213217467668243	0.0
PD3890a_non-exome	T[T>A]C	0.0013395542171178597	0.2524064487405587	0.31570576067387796	0.25442084053538705	0.17612739583305845	0.0
PD3890a_non-exome	T[T>A]G	0.0011885919444058288	0.28674335747258306	0.2244673152904589	0.2740361226067607	0.21356461268579152	0.0
PD3890a_non-exome	T[T>A]T	0.0004734757746620672	0.37156588190171574	0.257756130263101	0.24055277779634607	0.12965173426417514	0.0
PD3890a_non-exome	T[T>C]A	0.0029041859519349576	0.15388635571797563	0.43805195127450225	0.2177111262436767	0.18744638081191037	0.0
PD3890a_non-exome	T[T>C]C	0.005585907294942027	0.3065978904622758	0.22413894670884416	0.3178976291950321	0.145779626338906	0.0
PD3890a_non-exome	T[T>C]G	0.0030363699451692095	0.2263105190553682	0.24882357963662974	0.20298546765389952	0.3188440637089332	0.0
PD3890a_non-exome	T[T>C]T	0.0029507731903205066	0.17684080686081005	0.270225452340397	0.2891393849508088	0.2608435826576636	0.0
PD3890a_non-exome	T[T>G]A	0.00228494293099703	0.2490389560101052	0.250467133993675	0.3247553490931049	0.1734536179721179	0.0
PD3890a_non-exome	T[T>G]C	0.0015204520976554788	0.349596393109645	0.20015001744574648	0.2534229722784718	0.19531016506848123	0.0
PD3890a_non-exome	T[T>G]G	0.0009992403446475752	0.3021027802973096	0.22999617190932048	0.3640853462568907	0.10281646119183178	0.0
PD3890a_non-exome	T[T>G]T	0.0031769030887142673	0.23697089447161598	0.25933479424334493	0.367327545341138	0.13318986285518683	0.0
PD3904a_non-exome	A[C>A]A	0.010771842927769155	0.2843979218924172	0.16617221443333005	0.036201327436834886	0.5024566933096487	0.0
PD3904a_non-exome	A[C>A]C	0.0029944900326755674	0.354842036730484	0.1666449610103812	0.04120509775601138	0.43431341447044786	0.0
PD3904a_non-exome	A[C>A]G	0.012186011728963164	0.635078723435122	0.07557835937715371	0.051138596004759285	0.2260183094540019	0.0
PD3904a_non-exome	A[C>A]T	0.005497947040475994	0.4358736747857736	0.12860182343427173	0.04606477460360968	0.383961780135869	0.0
PD3904a_non-exome	A[C>G]A	0.01685491886805781	0.4609017108308957	0.10839692080750979	0.1451674953205005	0.26867895417303617	0.0
PD3904a_non-exome	A[C>G]C	0.007770477864308802	0.3849411551251443	0.10797448979067516	0.10771323495876953	0.39160064226110225	0.0
PD3904a_non-exome	A[C>G]G	0.002669338051775204	0.7503830332120681	0.014146061979026323	0.06832679355363427	0.1644747732034961	0.0
PD3904a_non-exome	A[C>G]T	0.015552079728930553	0.3471592357859493	0.11613767178662439	0.1466518894838074	0.3744991232146883	0.0
PD3904a_non-exome	A[C>T]A	0.02063938278901279	0.2875505882725472	0.15751605857144738	0.020443219773350313	0.5138507505936424	0.0
PD3904a_non-exome	A[C>T]C	0.015653690041847444	0.23652270180297863	0.11108416708237945	0.13500259870688858	0.5017368423659059	0.0
PD3904a_non-exome	A[C>T]G	0.005133256390461602	0.03235025018448149	0.1305950688105332	0.05994994589717478	0.7719714787173488	0.0
PD3904a_non-exome	A[C>T]T	0.014683744904271902	0.38506403762355934	0.1326222955501405	0.06468838781838444	0.4029415341036439	0.0
PD3904a_non-exome	A[T>A]A	0.02138549489515258	0.1456215747267295	0.4602911433796194	0.07209905919357334	0.30060272780492514	0.0
PD3904a_non-exome	A[T>A]C	0.014895353327599895	0.20562707714182227	0.22267446341605518	0.07011128579077629	0.4866918203237463	0.0
PD3904a_non-exome	A[T>A]G	0.009061811776469593	0.4630765001423394	0.2231969604483758	0.0417008124471429	0.2629639151856722	0.0
PD3904a_non-exome	A[T>A]T	0.000813506764622965	0.17681046026155203	0.37272745671705954	0.04542079982438641	0.4042277764323791	0.0
PD3904a_non-exome	A[T>C]A	0.0038633962554218302	0.18719943870061956	0.28302724147430597	0.05977698112990986	0.4661329424397428	0.0
PD3904a_non-exome	A[T>C]C	0.003638385578305851	0.4243758560641171	0.07538829300670923	0.06004862154335723	0.4365488438075106	0.0
PD3904a_non-exome	A[T>C]G	0.006511189160305594	0.25830246342022645	0.1688488243765227	0.10698705499742416	0.45935046804552115	0.0
PD3904a_non-exome	A[T>C]T	0.002223562782220113	0.28042002893998996	0.2381156447665467	0.09561904852898014	0.3836217149822631	0.0
PD3904a_non-exome	A[T>G]A	0.0036353592170994885	0.363768725281457	0.3014315740542437	0.08110140711424191	0.25006293433295795	0.0
PD3904a_non-exome	A[T>G]C	0.0113785846877685	0.19508536181546807	0.21385865822373037	0.09534452587264058	0.48433286940039244	0.0
PD3904a_non-exome	A[T>G]G	0.0022827151533302025	0.4810160787044449	0.1409100190316698	0.147633863563596	0.2281573235469591	0.0
PD3904a_non-exome	A[T>G]T	0.0008077713673325067	0.12436808374987236	0.27245727734501607	0.15882571737607618	0.44354115016170287	0.0
PD3904a_non-exome	C[C>A]A	0.008626455478447774	0.34587788596523084	0.19697836710921734	0.05828199881709323	0.3902352926300109	0.0
PD3904a_non-exome	C[C>A]C	0.009435908825127718	0.38578644066732715	0.17773977644055905	0.04714678391804215	0.3798910901489439	0.0
PD3904a_non-exome	C[C>A]G	0.008694146378295232	0.6081383920897206	0.02977267350628407	0.031631217716425394	0.3217635703092746	0.0
PD3904a_non-exome	C[C>A]T	0.005738739558373558	0.3688634457276292	0.19384109779525519	0.03179328486825889	0.3997634320504832	0.0
PD3904a_non-exome	C[C>G]A	0.02928501197195129	0.4053785702726309	0.1481350326651329	0.15669174110124034	0.26050964398904447	0.0
PD3904a_non-exome	C[C>G]C	0.01415831759402225	0.3458537171939748	0.2018461447302043	0.0866420452220452	0.35149977525975357	0.0
PD3904a_non-exome	C[C>G]G	0.014401972951370558	0.5462684936003023	0.037806263438321185	0.11599741643095388	0.285525853579052	0.0
PD3904a_non-exome	C[C>G]T	0.028780938596314417	0.2860276587121574	0.14955149670042303	0.12604988746250326	0.40959001852860183	0.0
PD3904a_non-exome	C[C>T]A	0.07807847642454543	0.17714506678330216	0.17972610938258338	0.04053798819910931	0.5245123592104598	0.0
PD3904a_non-exome	C[C>T]C	0.026219271300452856	0.14113033447341303	0.16810195469715533	0.03401052585997857	0.6305379136690002	0.0
PD3904a_non-exome	C[C>T]G	0.02748760059745824	0.09159991799976279	0.07747752188704508	0.05738436090254444	0.7460505986131895	0.0
PD3904a_non-exome	C[C>T]T	0.028851388453687232	0.28540489386712853	0.07357411802053718	0.06605428672450299	0.5461153129341441	0.0
PD3904a_non-exome	C[T>A]A	0.008161848643641697	0.35199879026160674	0.2569465290653897	0.07308947736986893	0.30980335465949305	0.0
PD3904a_non-exome	C[T>A]C	0.005904047806388378	0.4769562806957568	0.17141346998340556	0.05903173720945359	0.28669446430499573	0.0
PD3904a_non-exome	C[T>A]G	0.003486630707952374	0.4168809107220088	0.15813241748317103	0.06393842924024948	0.3575616118466184	0.0
PD3904a_non-exome	C[T>A]T	0.0011009626497627033	0.558986795989198	0.13217718059036349	0.07281017336496455	0.23492488740571132	0.0
PD3904a_non-exome	C[T>C]A	0.0010096856568830412	0.3738033508180838	0.14310925796994967	0.0994951389273993	0.3825825666276842	0.0
PD3904a_non-exome	C[T>C]C	0.007237376666323031	0.5053043506070162	0.10881882707069615	0.031354332305304204	0.3472851133506605	0.0
PD3904a_non-exome	C[T>C]G	0.0134114700812876	0.23986490737716953	0.22681405306652735	0.16065167997305943	0.35925788950195614	0.0
PD3904a_non-exome	C[T>C]T	0.004376298656720097	0.23227997920096874	0.21496434580164683	0.09607546176310809	0.45230391457755625	0.0
PD3904a_non-exome	C[T>G]A	0.00026681356162217967	0.3175991072249484	0.1158391211276587	0.11395143562473406	0.45234352246103654	0.0
PD3904a_non-exome	C[T>G]C	0.007161897017266624	0.39144890343557615	0.22200455459962531	0.08242661171345912	0.2969580332340729	0.0
PD3904a_non-exome	C[T>G]G	0.003728492049612738	0.3363211565760278	0.15718855483306718	0.14760669146460406	0.3551551050766882	0.0
PD3904a_non-exome	C[T>G]T	0.0011392558819755532	0.1519987937354714	0.3746635003248627	0.08818210482375438	0.38401634523393613	0.0
PD3904a_non-exome	G[C>A]A	0.010345035376906033	0.422801137658551	0.07968889167999452	0.020899677460926566	0.4662652578236218	0.0
PD3904a_non-exome	G[C>A]C	0.006161912313627946	0.230199979788873	0.2112916086664475	0.03238602172115672	0.5199604775098947	0.0
PD3904a_non-exome	G[C>A]G	0.02015309015197253	0.06910059725373725	0.20931228652382253	0.060740984199274	0.6406930418711937	0.0
PD3904a_non-exome	G[C>A]T	0.007184280781645601	0.3388128834994345	0.1921987233949577	0.024193791726249865	0.4376103205977123	0.0
PD3904a_non-exome	G[C>G]A	0.010857037187493828	0.4561133582819089	0.11767883892172762	0.10456196710180979	0.31078879850705987	0.0
PD3904a_non-exome	G[C>G]C	0.010088979941518703	0.37280248258228954	0.1874548486721196	0.06489706819734226	0.36475662060673	0.0
PD3904a_non-exome	G[C>G]G	0.009499013364981409	0.4753045548672554	0.03670361950031117	0.18811879076136	0.29037402150609204	0.0
PD3904a_non-exome	G[C>G]T	0.01747432651684798	0.4289000394650017	0.14548241173633286	0.13821478405815726	0.26992843822366014	0.0
PD3904a_non-exome	G[C>T]A	0.049169169497162706	0.1710692894741547	0.19362705586730883	0.03509464120099766	0.5510398439603761	0.0
PD3904a_non-exome	G[C>T]C	0.026226631419423784	0.13008320591204248	0.19347077908982904	0.04818816432214591	0.6020312192565588	0.0
PD3904a_non-exome	G[C>T]G	0.016379721346288754	0.1262267602654444	0.1546711397107144	0.0852035266650984	0.6175188520124542	0.0
PD3904a_non-exome	G[C>T]T	0.026613438482066997	0.232962208770918	0.12375099572503533	0.05584283017876068	0.5608305268432189	0.0
PD3904a_non-exome	G[T>A]A	0.007345469460276841	0.5599177233014027	0.11925450942425464	0.06695921797716958	0.2465230798368962	0.0
PD3904a_non-exome	G[T>A]C	0.010582154535002702	0.32841908564079847	0.2373437217896859	0.08254141717203985	0.3411136208624731	0.0
PD3904a_non-exome	G[T>A]G	0.011221305990440144	0.426182722928708	0.18979288583833093	0.08372689801920236	0.28907618722331857	0.0
PD3904a_non-exome	G[T>A]T	0.0020216282336214296	0.482575836338238	0.14415669629775052	0.07291445846111279	0.2983313806692775	0.0
PD3904a_non-exome	G[T>C]A	0.00486486593645614	0.2780612841758573	0.2224944753196942	0.09258332580904272	0.4019960487589497	0.0
PD3904a_non-exome	G[T>C]C	0.007304422731445923	0.325848326092416	0.09988913632303159	0.061357397536204554	0.5056007173169019	0.0
PD3904a_non-exome	G[T>C]G	0.008248175135486889	0.36748535503838237	0.1499436693263483	0.10978590642013888	0.36453689407964357	0.0
PD3904a_non-exome	G[T>C]T	0.004130743627576896	0.1875506367302255	0.30110601923275837	0.05225053321948853	0.45496206718995064	0.0
PD3904a_non-exome	G[T>G]A	0.004049200897814953	0.41703959651522665	0.16326319630354563	0.13131530072312508	0.2843327055602877	0.0
PD3904a_non-exome	G[T>G]C	0.00607507210243773	0.4069787672241677	0.10144145944934164	0.11353375628328029	0.3719709449407727	0.0
PD3904a_non-exome	G[T>G]G	0.022109940982024748	0.4356650139345928	0.13114676678285253	0.08654940085079384	0.32452887744973613	0.0
PD3904a_non-exome	G[T>G]T	0.0058511893898457665	0.3805128074056795	0.1931283005357303	0.0723359364053632	0.34817176626338114	0.0
PD3904a_non-exome	T[C>A]A	0.1519551882226193	0.1523388928608308	0.17311197721910648	0.05211139683410876	0.47048254486333474	0.0
PD3904a_non-exome	T[C>A]C	0.06997389236506901	0.1943764780501459	0.13194890041348983	0.10464682852233487	0.4990539006489604	0.0
PD3904a_non-exome	T[C>A]G	0.07693865091889798	0.22242616710749263	0.15611787200833616	0.00012266327446680428	0.5443946466908063	0.0
PD3904a_non-exome	T[C>A]T	0.06290794669758734	0.13870678083798094	0.20114182324041588	0.05847226681819967	0.5387711824058161	0.0
PD3904a_non-exome	T[C>G]A	0.607931370967738	0.010717281168509089	0.008227106925660942	0.2535799870468859	0.11954425389120595	0.0
PD3904a_non-exome	T[C>G]C	0.23733106485843203	0.18881381159298394	0.12567268543096718	0.24765048854806684	0.20053194956955	0.0
PD3904a_non-exome	T[C>G]G	0.22247642795339698	0.29124332180470147	0.002341468787119531	0.1965659170980946	0.2873728643566874	0.0
PD3904a_non-exome	T[C>G]T	0.48235912563711036	0.037393733176387646	0.04104593986535217	0.2673589228276224	0.17184227849352746	0.0
PD3904a_non-exome	T[C>T]A	0.6372046869358515	0.03634075108550134	0.029317698349561203	0.027364337578855518	0.26977252605023044	0.0
PD3904a_non-exome	T[C>T]C	0.2338935581285778	0.06378691608088474	0.11217392607017516	0.031957970578872785	0.5581876291414894	0.0
PD3904a_non-exome	T[C>T]G	0.25633225887881605	0.05746396484529577	0.049090067911410754	0.04766031304926079	0.5894533953152167	0.0
PD3904a_non-exome	T[C>T]T	0.4090727777771091	0.09698664093499107	0.054054293669551175	0.032481138464609885	0.40740514915373865	0.0
PD3904a_non-exome	T[T>A]A	0.0010755097251770403	0.1209274838345451	0.2767384443973743	0.03997093124216567	0.561287630800738	0.0
PD3904a_non-exome	T[T>A]C	0.00234909273275963	0.3085875820859577	0.21017306366194105	0.06483609670911125	0.4140541648102304	0.0
PD3904a_non-exome	T[T>A]G	0.0019407727673014703	0.3264174793867356	0.13913926419206546	0.06502405270561314	0.46747843094828434	0.0
PD3904a_non-exome	T[T>A]T	0.0008363331221155971	0.4575678440575832	0.17284038285589953	0.0617470512937144	0.3070083886706873	0.0
PD3904a_non-exome	T[T>C]A	0.005191537953729327	0.1917828912727024	0.2972705695772562	0.05655572191768848	0.4491992792786237	0.0
PD3904a_non-exome	T[T>C]C	0.010229659516623277	0.39144860634243583	0.15582583576852033	0.0846016936153557	0.35789420475706485	0.0
PD3904a_non-exome	T[T>C]G	0.0042633422522284125	0.22153297955402979	0.13262998819457042	0.04141758515001427	0.600156104849157	0.0
PD3904a_non-exome	T[T>C]T	0.004755319798286679	0.19868474409735262	0.1653197863643282	0.06771353170030164	0.5635266180397308	0.0
PD3904a_non-exome	T[T>G]A	0.004149075900421873	0.315269126005667	0.1726559110229871	0.08569522987416643	0.42223065719675756	0.0
PD3904a_non-exome	T[T>G]C	0.0024527970445639147	0.39318229111453634	0.12257423386552069	0.05940994704650307	0.4223807309288759	0.0
PD3904a_non-exome	T[T>G]G	0.002040640599594991	0.43011978323142	0.17830842054571888	0.10804982680840618	0.28148132881485993	0.0
PD3904a_non-exome	T[T>G]T	0.006369523141800286	0.331234903988609	0.19738694468840362	0.10702389746158769	0.3579847307195994	0.0
PD3905a_non-exome	A[C>A]A	0.009731815730386595	0.44585989017667305	0.29559826257804434	0.11405441065554556	0.06848271903898995	0.06627290182036043
PD3905a_non-exome	A[C>A]C	0.002419560531207041	0.4975271716368362	0.2651217821348323	0.11610429682917434	0.05294139215629236	0.06588579671165762
PD3905a_non-exome	A[C>A]G	0.007193403542089653	0.6505317785842983	0.08784355384571578	0.10527017796824314	0.02012773700253035	0.12903334905712263
PD3905a_non-exome	A[C>A]T	0.004243986014252012	0.5838511673490244	0.19546100301181876	0.12400125096150381	0.04471362525588216	0.04772896740751899
PD3905a_non-exome	A[C>G]A	0.010300032233400277	0.4887517873778974	0.13042728909348897	0.30936061699128664	0.02476988902632517	0.036390385277601627
PD3905a_non-exome	A[C>G]C	0.005544498575928156	0.47662521572962374	0.1516964137923989	0.2680200858845179	0.0421537716261733	0.055960014391358
