Sample Names	MutationType	SBS96A	SBS96B	SBS96C	SBS96D	SBS96E
PD3851a_non-exome	A[C>A]A	0.0012204373633453297	0.16077873147441635	0.3202520024034554	0.49486385177372083	0.022884976985062144
PD3851a_non-exome	A[C>A]C	0.000306708616321441	0.13912439461121667	0.39476766717929357	0.4226707566059514	0.04313047298721696
PD3851a_non-exome	A[C>A]G	0.001259398917677195	0.10492880601043797	0.3902310126635095	0.45286710970740873	0.05071367270096669
PD3851a_non-exome	A[C>A]T	0.00047201786008981597	0.21362752731554852	0.4522568266843811	0.2787952625752723	0.0548483655647081
PD3851a_non-exome	A[C>G]A	0.0037660809296713974	0.23018004690026003	0.3409997438002208	0.2747415528410189	0.1503125755288289
PD3851a_non-exome	A[C>G]C	0.0013686652231869995	0.15990084856868114	0.38132979553639856	0.3685618854644967	0.08883880520723655
PD3851a_non-exome	A[C>G]G	0.000384222854284614	0.15875649249966484	0.4613736563923962	0.2648045396834864	0.11468108857016786
PD3851a_non-exome	A[C>G]T	0.0036391339202733334	0.20803002620427216	0.27192594687382204	0.36144102598882893	0.1549638670128036
PD3851a_non-exome	A[C>T]A	0.0021375039930376853	0.11315996036274574	0.25953427816212965	0.5947808247190688	0.030387432763018224
PD3851a_non-exome	A[C>T]C	0.0024523803555262457	0.10294236620174822	0.17255721496915546	0.6357950767995638	0.08625296167400623
PD3851a_non-exome	A[C>T]G	0.0004475967042257858	0.010743806160065188	0.15539144139420608	0.8110090624756158	0.022408093265887156
PD3851a_non-exome	A[C>T]T	0.002128128477911966	0.20283925473509107	0.3397011310335898	0.4044076585492351	0.05092382720417201
PD3851a_non-exome	A[T>A]A	0.0018244804402382483	0.10020688771379417	0.46422017879329536	0.39288527904559456	0.04086317400707759
PD3851a_non-exome	A[T>A]C	0.0010634343862867485	0.08081892534913977	0.32686192670481656	0.5386007354213808	0.052654978138376086
PD3851a_non-exome	A[T>A]G	0.0007099131534561016	0.16447582864533222	0.4512777775266948	0.3541857007531605	0.02935077992135639
PD3851a_non-exome	A[T>A]T	0.0002948196635005179	0.09706555541549629	0.3760305009882781	0.5042725591899483	0.02233656474277671
PD3851a_non-exome	A[T>C]A	0.00038727198209637657	0.09758618880586495	0.37510197679156077	0.49604087673568636	0.030883685684791603
PD3851a_non-exome	A[T>C]C	0.0005221848375607846	0.1173843727636236	0.340964721113948	0.4658555435447586	0.07527317774010912
PD3851a_non-exome	A[T>C]G	0.0009775936944668902	0.12228468821332664	0.2434656605780733	0.5669047814977078	0.06636727601642527
PD3851a_non-exome	A[T>C]T	0.0004563557386298531	0.11165027795821682	0.3229787184088375	0.4972292108437957	0.06768543705052008
PD3851a_non-exome	A[T>G]A	0.0004461853305917654	0.07278384882173834	0.5466421205096985	0.32940000262065366	0.05072784271731768
PD3851a_non-exome	A[T>G]C	0.0016542428513951868	0.04490309846106287	0.45605938771140847	0.42247901741823224	0.0749042535579012
PD3851a_non-exome	A[T>G]G	0.0008887509392723669	0.3171261508048215	0.4442538513400004	0.06145216045478567	0.17627908646112025
PD3851a_non-exome	A[T>G]T	0.000495081175050473	0.09893476633673616	0.406069695324494	0.3762030993256299	0.11829735783808959
PD3851a_non-exome	C[C>A]A	0.0012542248614951304	0.1733495092014644	0.33246266478442943	0.4346968876165712	0.0582367135360398
PD3851a_non-exome	C[C>A]C	0.0013936558675722306	0.2711519214401914	0.47331803658417504	0.18583773975946102	0.0682986463486003
PD3851a_non-exome	C[C>A]G	0.0009681604588204667	0.11946350320987177	0.48427968692118684	0.3482169092942428	0.04707174011587816
PD3851a_non-exome	C[C>A]T	0.0006986045511710015	0.22418155083172364	0.37921935007446933	0.36862536511472094	0.027275129427915146
PD3851a_non-exome	C[C>G]A	0.006272924457109319	0.2656788107663087	0.37895938491748726	0.23283477091234217	0.11625410894675241
PD3851a_non-exome	C[C>G]C	0.001976406435435484	0.25129009933001906	0.43032161563233945	0.1939768254620536	0.1224350531401524
PD3851a_non-exome	C[C>G]G	0.0021039806588485526	0.12516938163935631	0.4932986965648538	0.25050865202973494	0.12891928910720643
PD3851a_non-exome	C[C>G]T	0.005534021676383531	0.23779635434223703	0.19983984194476903	0.43693142346887953	0.1198983585677308
PD3851a_non-exome	C[C>T]A	0.007686888534598907	0.0828019032194507	0.30169906425924775	0.575107814987993	0.03270432899870971
PD3851a_non-exome	C[C>T]C	0.0027430440027547834	0.07515254463839355	0.28076717607265256	0.6044004709512467	0.036936764334952375
PD3851a_non-exome	C[C>T]G	0.0020126994635205567	0.007931074640819089	0.16196161396041064	0.8030738304966477	0.02502078143860188
PD3851a_non-exome	C[C>T]T	0.003936582470574092	0.12304708668203133	0.25297587973210406	0.5696460007146154	0.050394450400675216
PD3851a_non-exome	C[T>A]A	0.0008178926983496295	0.21414966861041904	0.6428601403099198	0.08124344690907537	0.06092885147223624
PD3851a_non-exome	C[T>A]C	0.0006724692130603491	0.19622284920684555	0.578508553476154	0.1455249350952392	0.07907119300870082
PD3851a_non-exome	C[T>A]G	0.00057039798635604	0.21689541646518837	0.5724208684121862	0.09285637242368516	0.11725694471258415
PD3851a_non-exome	C[T>A]T	0.00026554156945436273	0.29084831633218927	0.4437582223098836	0.18155325509258735	0.08357466469588554
PD3851a_non-exome	C[T>C]A	0.000635405302573512	0.17695922192648061	0.3057791590803944	0.4476993607311144	0.06892685295943714
PD3851a_non-exome	C[T>C]C	0.0007945084696081703	0.17030731884923106	0.46943700882719774	0.32623386743839683	0.0332272964155662
PD3851a_non-exome	C[T>C]G	0.0019882526728780712	0.11279002610968444	0.32782899190575804	0.4517641862240239	0.10562854308765558
PD3851a_non-exome	C[T>C]T	0.000934658996650934	0.18628198155697887	0.2510710990278649	0.47978971673327686	0.08192254368522839
PD3851a_non-exome	C[T>G]A	0.00021554729834954425	0.14546145029536867	0.416892575708907	0.3396363534012991	0.09779407329607577
PD3851a_non-exome	C[T>G]C	0.0009750714544607342	0.19039387658275556	0.6142881377551739	0.10295862290906908	0.09138429129854074
PD3851a_non-exome	C[T>G]G	0.0012097724614677926	0.1937042172619666	0.31261237855918045	0.3528888768223102	0.13958475489507505
PD3851a_non-exome	C[T>G]T	0.0002123147386908588	0.11717138874961991	0.37054195796977185	0.4439587560672282	0.06811558247468928
PD3851a_non-exome	G[C>A]A	0.000853719814337795	0.11317336221853934	0.2728403056639311	0.585356363677335	0.027776248625856717
PD3851a_non-exome	G[C>A]C	0.0008871676565755828	0.1631033427506516	0.40464992781792997	0.404142785421369	0.027216776353473877
PD3851a_non-exome	G[C>A]G	0.0008217955815572242	0.03392617058109077	0.23191242515521218	0.7118151661792531	0.021524442502886796
PD3851a_non-exome	G[C>A]T	0.0004458915328380756	0.15176571215202192	0.2901916464430606	0.5243455948195924	0.033251155052486984
PD3851a_non-exome	G[C>G]A	0.0024002568291451045	0.1543153536096102	0.4669097992703372	0.2764271264021064	0.09994746388880107
PD3851a_non-exome	G[C>G]C	0.0016643617451288734	0.1672560966718139	0.4406691510329144	0.3301916180959802	0.060218772454162635
PD3851a_non-exome	G[C>G]G	0.0026099224395024043	0.20981426202653564	0.44087521245272115	0.14570963740007686	0.20099096568116404
PD3851a_non-exome	G[C>G]T	0.0042446398626032585	0.2359135735964294	0.4831514523367114	0.13050802151098803	0.1461823126932679
PD3851a_non-exome	G[C>T]A	0.003991478297717753	0.06723821474776846	0.35464216151889116	0.5443500259603189	0.02977811947530378
PD3851a_non-exome	G[C>T]C	0.002275893204059102	0.07984261587598546	0.2530199582774183	0.6302314972260682	0.034630035416468925
PD3851a_non-exome	G[C>T]G	0.0010605022357431332	0.016795961279969233	0.17907960641490372	0.7796359136280206	0.023428016441363227
PD3851a_non-exome	G[C>T]T	0.00314013399409792	0.11316232901917489	0.28856195914229155	0.5610860649159634	0.03404951292847222
PD3851a_non-exome	G[T>A]A	0.0018300719937855501	0.28043245359717445	0.5403522002829764	0.06572243782596719	0.11166283630009635
PD3851a_non-exome	G[T>A]C	0.0015567052397888438	0.1640911686344968	0.42511240793401867	0.32713137965042494	0.0821083385412708
PD3851a_non-exome	G[T>A]G	0.0018754605894057525	0.2320497649548332	0.3115314306215468	0.38431593890517934	0.07022740492903491
PD3851a_non-exome	G[T>A]T	0.00030956371953878235	0.2301062501096591	0.5445817076582055	0.12041343605570472	0.10458904245689186
PD3851a_non-exome	G[T>C]A	0.0006915070580485077	0.0894213402708768	0.3013989484591763	0.5455886340428723	0.06289957016902616
PD3851a_non-exome	G[T>C]C	0.0008615628226058085	0.08324797933974912	0.4281716589892516	0.4330045703337269	0.05471422851466655
PD3851a_non-exome	G[T>C]G	0.0015323478819224826	0.1149642967519306	0.35822885819867306	0.42388893686380813	0.1013855603036657
PD3851a_non-exome	G[T>C]T	0.0004708964499629622	0.0587422382242195	0.36689694246543786	0.5381918469514521	0.035698075908927596
PD3851a_non-exome	G[T>G]A	0.0014202809434238895	0.14024998254367474	0.5483797862096905	0.16704339620748163	0.1429065540957292
PD3851a_non-exome	G[T>G]C	0.001938608939362924	0.2092109299736721	0.30092933419492657	0.3495041171017957	0.13841700979024263
PD3851a_non-exome	G[T>G]G	0.003616176418724022	0.1828210539845645	0.6228456466167285	0.04752180388598396	0.14319531909399918
PD3851a_non-exome	G[T>G]T	0.000618541043967476	0.15494272711215168	0.42414135075600784	0.34797325783979827	0.07232412324807476
PD3851a_non-exome	T[C>A]A	0.017301213244410377	0.10655175323470616	0.2662496510296366	0.5782113197147031	0.03168606277654367
PD3851a_non-exome	T[C>A]C	0.008697866885018822	0.11422594087193087	0.237342841970719	0.5695815149814755	0.07015183529085593
PD3851a_non-exome	T[C>A]G	0.00619801540365948	0.06978543932546975	0.3013783174658724	0.6131419445489161	0.009496283256082167
PD3851a_non-exome	T[C>A]T	0.006760642535509969	0.12048921105009122	0.22806752742817601	0.6138048528943323	0.03087776609189069
PD3851a_non-exome	T[C>G]A	0.2583794438210442	0.06778930189594388	0.032482080651688235	0.17830807588047898	0.4630410977508447
PD3851a_non-exome	T[C>G]C	0.04021383257081863	0.1504459049129478	0.12023760959268227	0.5275509139794882	0.16155173894406316
PD3851a_non-exome	T[C>G]G	0.0487575884130892	0.07945832611552378	0.4537415886609629	0.17795002450789504	0.24009247230252886
PD3851a_non-exome	T[C>G]T	0.13807615217289704	0.1404903964566605	0.07561888096136012	0.34015765123802616	0.30565691917105625
PD3851a_non-exome	T[C>T]A	0.12128602189188148	0.03588452451900815	0.5246018870617467	0.31813589627190536	9.167025545832326e-05
PD3851a_non-exome	T[C>T]C	0.02728673304812007	0.04740262566244969	0.2984836415212484	0.6117210909201825	0.015105908847999453
PD3851a_non-exome	T[C>T]G	0.015157853652145585	0.002725736894555663	0.16044617833378344	0.8046730516196551	0.016997179499860317
PD3851a_non-exome	T[C>T]T	0.06291375261849927	0.06587386205702916	0.4020630746200732	0.46060073846203436	0.008548572242363967
PD3851a_non-exome	T[T>A]A	0.00034910961739802345	0.05962378316410798	0.3298553899447719	0.5922492523312086	0.017922464942513382
PD3851a_non-exome	T[T>A]C	0.000633921854946093	0.23572874291832235	0.3800569352670967	0.34374749269476224	0.03983290726487265
PD3851a_non-exome	T[T>A]G	0.0004327003836821547	0.1933247998457578	0.36459093011455757	0.3869398978213078	0.05471167183469479
PD3851a_non-exome	T[T>A]T	0.00037139931618644217	0.17575349816212704	0.49883441671438394	0.28380523639462113	0.04123544941268131
PD3851a_non-exome	T[T>C]A	0.0004420145064199826	0.12271386873417274	0.3666756976072097	0.4886833621727044	0.02148505697949324
PD3851a_non-exome	T[T>C]C	0.0008352830509390397	0.0861999860807874	0.4340944094685838	0.4230266848330559	0.05584363656663377
PD3851a_non-exome	T[T>C]G	0.000810306867689544	0.11140060533892443	0.34905184151389274	0.5106358000517869	0.028101446227706533
PD3851a_non-exome	T[T>C]T	0.0003884411322239644	0.08313387304461753	0.3163042387908147	0.5565068089751551	0.04366663805718868
PD3851a_non-exome	T[T>G]A	0.00038003938302458843	0.15107163344263158	0.4866961877609998	0.2907849770590445	0.0710671623542994
PD3851a_non-exome	T[T>G]C	0.0004521390511933147	0.10897573305039604	0.5239369028734321	0.2966114686556874	0.07002375636929122
PD3851a_non-exome	T[T>G]G	0.0005151038353950657	0.16563828981315384	0.39271677943782296	0.31416293172058424	0.1269668951930439
PD3851a_non-exome	T[T>G]T	0.0008713064023402024	0.1341919644317669	0.3477112099396984	0.443319556337838	0.07390596288835646
PD3890a_non-exome	A[C>A]A	0.008984540292468706	0.4609131690615152	0.2615369335589315	0.0501823770801677	0.2183829800069169
PD3890a_non-exome	A[C>A]C	0.001916853870959672	0.3385918266478594	0.2736940856017885	0.03638734457427502	0.34940988930511746
PD3890a_non-exome	A[C>A]G	0.008002019290644874	0.25962180358120507	0.2750545712479574	0.03963621644309124	0.4176853894371014
PD3890a_non-exome	A[C>A]T	0.00226095851916093	0.3984754134498435	0.24031456974911422	0.018395207255710262	0.34055385102617114
PD3890a_non-exome	A[C>G]A	0.011417346301303961	0.2717398635916361	0.11468071344635634	0.011473211689450135	0.5906888649712535
PD3890a_non-exome	A[C>G]C	0.006051432571688544	0.2753099376213428	0.18703484094601439	0.022446907651816582	0.5091568812091377
PD3890a_non-exome	A[C>G]G	0.0014461305349287217	0.23268369454887047	0.19263620047021252	0.013728872165897976	0.5595051022800903
PD3890a_non-exome	A[C>G]T	0.01134872551540984	0.2526301798675134	0.09407202906133541	0.01552643084173402	0.6264226347140075
PD3890a_non-exome	A[C>T]A	0.017438055143618084	0.35949599128116055	0.23488032845531864	0.06683950168092131	0.32134612343898145
PD3890a_non-exome	A[C>T]C	0.013456511971791778	0.2199626652928262	0.10503610389932465	0.04805592784119049	0.6134887909948669
PD3890a_non-exome	A[C>T]G	0.007209147099575195	0.06738532458799182	0.2776418376294287	0.17993176785705314	0.46783192282595115
PD3890a_non-exome	A[C>T]T	0.011178266385290713	0.4148955445627108	0.19794038575287246	0.02926045773727251	0.34672534556185347
PD3890a_non-exome	A[T>A]A	0.012104747944576477	0.25889535938582026	0.3416656837057275	0.03590603319822567	0.3514281757656501
PD3890a_non-exome	A[T>A]C	0.007361030938351174	0.21784679180441058	0.2509880752524443	0.051354678960647424	0.4724494230441465
PD3890a_non-exome	A[T>A]G	0.004500378493693483	0.40602806560042387	0.31735735904297263	0.03092857950502504	0.241185617357885
PD3890a_non-exome	A[T>A]T	0.0025479726235438796	0.32667327654959966	0.36051404809227366	0.060032824889132384	0.2502318778454505
PD3890a_non-exome	A[T>C]A	0.003052617810912621	0.29954002795038803	0.3279944660434642	0.05385908296757891	0.31555380522765614
PD3890a_non-exome	A[T>C]C	0.002776882725855527	0.24308251364114067	0.20114235717256906	0.03412476600552226	0.5188734804549124
PD3890a_non-exome	A[T>C]G	0.0057694681171599396	0.28103448864082	0.15939544592934707	0.04608638448449969	0.5077142128281733
PD3890a_non-exome	A[T>C]T	0.0026174734688941	0.24937260044016513	0.20550078583573506	0.0392844375115865	0.5032247027436193
PD3890a_non-exome	A[T>G]A	0.002793493525747757	0.17745063270901554	0.3796612573908543	0.028408029637178075	0.4116865867372042
PD3890a_non-exome	A[T>G]C	0.009581696202106664	0.1012813761146807	0.29303894230402794	0.03370803276989741	0.5623899526092873
PD3890a_non-exome	A[T>G]G	0.0022052719085086233	0.3064250616393631	0.12228525174398502	0.0021004113725428186	0.5669840033356005
PD3890a_non-exome	A[T>G]T	0.0020407904428968275	0.15881118431071048	0.18568780659941247	0.021361389577214857	0.6320988290697653
PD3890a_non-exome	C[C>A]A	0.006702895569410841	0.3607611957034428	0.19710186670320956	0.03200064347709441	0.40343339854684235
PD3890a_non-exome	C[C>A]C	0.005561673843243943	0.42137892287501555	0.20953850028466434	0.010215720834830293	0.3533051821622458
PD3890a_non-exome	C[C>A]G	0.005796513523052009	0.27852546719057714	0.3216448283172503	0.02871802049516107	0.3653151704739596
PD3890a_non-exome	C[C>A]T	0.004097417222489554	0.5120222107872768	0.24673461125571347	0.029781675435345597	0.20736408529917463
PD3890a_non-exome	C[C>G]A	0.02052174380672974	0.3384630595880353	0.13753007466689512	0.010492456416085292	0.4929926655222546
PD3890a_non-exome	C[C>G]C	0.006397235180259082	0.31673903473201803	0.15451477977560718	0.008648704080530003	0.5137002462315856
PD3890a_non-exome	C[C>G]G	0.007619483660879555	0.17651924407655337	0.1981776045923507	0.012496594036990686	0.6051870736332258
PD3890a_non-exome	C[C>G]T	0.01964227386065979	0.3286746820055222	0.07868533376917893	0.021362364362579777	0.5516353460020593
PD3890a_non-exome	C[C>T]A	0.06213420164968932	0.26063372531526285	0.270529674549462	0.06403457637956217	0.34266782210602376
PD3890a_non-exome	C[C>T]C	0.0229813759807018	0.2451868064877645	0.2609458505777553	0.06975144037045986	0.40113452658331844
PD3890a_non-exome	C[C>T]G	0.03023735047294682	0.04639882614126864	0.2699216416857295	0.16619019961441284	0.48725198208564213
PD3890a_non-exome	C[C>T]T	0.025714759033173325	0.313000184594984	0.1833171207711644	0.051257012527102644	0.42671092307357567
PD3890a_non-exome	C[T>A]A	0.003471193601614396	0.3539240422463157	0.3026633342514315	0.004749588441630282	0.33519184145900827
PD3890a_non-exome	C[T>A]C	0.0027362813634907498	0.31091958333834774	0.2611313047122241	0.008156632456374508	0.41705619812956296
PD3890a_non-exome	C[T>A]G	0.0018899509434966346	0.2798550032190996	0.21040149140577089	0.004238082375178026	0.5036154720564548
PD3890a_non-exome	C[T>A]T	0.0009705916227011271	0.4139813039786661	0.17993317433228226	0.00914098914567733	0.3959739409206731
PD3890a_non-exome	C[T>C]A	0.003193315399428466	0.34631741724342446	0.17047459619626532	0.030992926579974225	0.44902174458090754
PD3890a_non-exome	C[T>C]C	0.0047645251923926065	0.3977082148138137	0.31229082801072616	0.026948542010670384	0.25828788997239704
PD3890a_non-exome	C[T>C]G	0.008820179699346094	0.1948438529347189	0.16132958792781898	0.027605955917963172	0.6074004235201529
PD3890a_non-exome	C[T>C]T	0.004364950336854917	0.33877169610076396	0.13007194895809301	0.0308647088311459	0.4959266957731422
PD3890a_non-exome	C[T>G]A	0.0009189784385784116	0.24150204059938638	0.19717311925183736	0.019946285916020268	0.5404595757941777
PD3890a_non-exome	C[T>G]C	0.0037055713550989216	0.28176164093643474	0.2589713226166404	0.0053897248645006285	0.45017174022732537
PD3890a_non-exome	C[T>G]G	0.004071703113983661	0.253875995465565	0.11671841694685749	0.01636046006011619	0.6089734244134778
PD3890a_non-exome	C[T>G]T	0.001170708432511718	0.2515940311699219	0.22665578226322194	0.03372068292326636	0.4868587952110781
PD3890a_non-exome	G[C>A]A	0.00715848033231184	0.3695386317687834	0.2537901778564887	0.06761000243759983	0.3019027076048162
PD3890a_non-exome	G[C>A]C	0.005909038934052517	0.4230426620195314	0.298986394660372	0.037079264772867424	0.23498263961317656
PD3890a_non-exome	G[C>A]G	0.01060847679124241	0.17054312764020318	0.3321039598593893	0.12657315287619014	0.36017128283297495
PD3890a_non-exome	G[C>A]T	0.0031387172642546543	0.4160128908532755	0.22660458093347213	0.050842363002583886	0.30340144794641394
PD3890a_non-exome	G[C>G]A	0.009692027229535747	0.2426477135017799	0.20914655155282338	0.015375268310808717	0.5231384394050523
PD3890a_non-exome	G[C>G]C	0.008393678351137619	0.3284707546945742	0.2465346995502067	0.022938011963726555	0.393662855440355
PD3890a_non-exome	G[C>G]G	0.006594659241772576	0.20644763753894138	0.12357802443092951	0.00507152030222423	0.6583081584861324
PD3890a_non-exome	G[C>G]T	0.01244776952247213	0.26941003778012934	0.15717909627233598	0.005271971194729203	0.5556911252303334
PD3890a_non-exome	G[C>T]A	0.034524015794244134	0.22647165902763688	0.3402817890714769	0.06485611273851058	0.3338664233681315
PD3890a_non-exome	G[C>T]C	0.019789291842603602	0.2703480770739042	0.24405851361051428	0.07548551305221225	0.3903186044207657
PD3890a_non-exome	G[C>T]G	0.015464911491832427	0.0953785835396348	0.2896961939548002	0.15660759475251299	0.44285271626121964
PD3890a_non-exome	G[C>T]T	0.02395522368078	0.33617396810319966	0.2442035290304315	0.05896124771836005	0.3367060314672289
PD3890a_non-exome	G[T>A]A	0.005779936549063917	0.34490010059351467	0.18931831395100032	0.0028592602904952595	0.4571423886159259
PD3890a_non-exome	G[T>A]C	0.006963448047981141	0.28583362286088804	0.2109514629361801	0.020156971904418095	0.4760944942505327
PD3890a_non-exome	G[T>A]G	0.008405475019650934	0.4049912177052233	0.1548877235313916	0.023726181513002063	0.4079894022307321
PD3890a_non-exome	G[T>A]T	0.0010765190200640524	0.31160916279755685	0.21008522416538472	0.00576808608268297	0.4714610079343114
PD3890a_non-exome	G[T>C]A	0.004376704696542691	0.22039511082877125	0.21161827429573282	0.04756648664838834	0.5160434235305649
PD3890a_non-exome	G[T>C]C	0.005464498390368548	0.20561140750930273	0.30126042015973714	0.037830402752299375	0.4498332711882921
PD3890a_non-exome	G[T>C]G	0.006862280897983787	0.2004860961151437	0.17796413811342462	0.026148593494837506	0.5885388913786104
PD3890a_non-exome	G[T>C]T	0.0039996681362791785	0.19429390873119426	0.34570323396605424	0.06296812896012294	0.3930350602063493
PD3890a_non-exome	G[T>G]A	0.004665652237102478	0.1794118291489819	0.19983904727728966	0.007558794677553459	0.6085246766590725
PD3890a_non-exome	G[T>G]C	0.006439960861527657	0.27063723029407233	0.110896630085389	0.015993018720331258	0.5960331600386797
PD3890a_non-exome	G[T>G]G	0.010952323895461915	0.21562198046935208	0.20926563237378726	0.001982598253916251	0.5621774650074826
PD3890a_non-exome	G[T>G]T	0.002994635157920643	0.29211694154882495	0.22779638040260472	0.02320632647896991	0.45388571641167974
PD3890a_non-exome	T[C>A]A	0.1259484454044199	0.3020556792437686	0.21501368747944324	0.05798130349006608	0.2990008843823021
PD3890a_non-exome	T[C>A]C	0.04878546732498076	0.2494896938226844	0.14767761129061582	0.04400669281751885	0.5100405347442001
PD3890a_non-exome	T[C>A]G	0.07078463162581661	0.3103568213650887	0.38182040755370517	0.09645671885537924	0.14058142060001033
PD3890a_non-exome	T[C>A]T	0.05304080590691438	0.36811240641977366	0.19849355169305657	0.0663342145379265	0.31401902144232896
PD3890a_non-exome	T[C>G]A	0.2899709580714678	0.029625648056442	0.004043907310353794	0.0027564663214726982	0.6736030202402636
PD3890a_non-exome	T[C>G]C	0.12229902141967593	0.17817141980754078	0.04056473639010482	0.02210024198715817	0.6368645803955203
PD3890a_non-exome	T[C>G]G	0.10988737588145255	0.0697356977691615	0.11344228893576985	0.005524446477637623	0.7014101909359785
PD3890a_non-exome	T[C>G]T	0.22933717439042892	0.09086833550440333	0.013933070530947186	0.007782536356992613	0.658078883217228
PD3890a_non-exome	T[C>T]A	0.6126897627536808	0.07059065661277411	0.2939818567672221	0.022137454395493205	0.0006002694708297022
PD3890a_non-exome	T[C>T]C	0.2553384998831056	0.17273379392070307	0.3098461490175833	0.07885029953374764	0.18323125764486048
PD3890a_non-exome	T[C>T]G	0.2257822727191846	0.015810522283640483	0.2651198928886363	0.16510366746601007	0.3281836446425286
PD3890a_non-exome	T[C>T]T	0.41777151117813166	0.1703399479098183	0.2961748846962873	0.042131118921812746	0.07358253729394997
PD3890a_non-exome	T[T>A]A	0.0038133516461192375	0.2536148762991993	0.3996956623165196	0.08911169326430932	0.25376441647385256
PD3890a_non-exome	T[T>A]C	0.003319676640177687	0.48070955131326276	0.22078498129573357	0.02479617709825996	0.2703896136525661
PD3890a_non-exome	T[T>A]G	0.002248835120115418	0.39126234838890256	0.21020207710114103	0.027701225332681805	0.3685855140571591
PD3890a_non-exome	T[T>A]T	0.002046164901840263	0.37706277750570033	0.30487144459938786	0.02153798488978219	0.2944816281032895
PD3890a_non-exome	T[T>C]A	0.0035794629769390148	0.38697700007246877	0.3294005249296609	0.05451224121553231	0.22553077080539907
PD3890a_non-exome	T[T>C]C	0.005195440093402376	0.20878823427100165	0.2995254112210408	0.03624445459917608	0.45024645981537914
PD3890a_non-exome	T[T>C]G	0.006412034006190661	0.34327644288461345	0.3064058400757195	0.05565993428449996	0.2882457487489764
PD3890a_non-exome	T[T>C]T	0.002940086405135612	0.24503213821457528	0.2655832629866137	0.05802170646657638	0.4284228059270989
PD3890a_non-exome	T[T>G]A	0.001815537760555922	0.2810410503982747	0.25792618470390616	0.019135234109082078	0.440081993028181
PD3890a_non-exome	T[T>G]C	0.002308428241086451	0.21666278064101238	0.2967455100882093	0.02086015024361955	0.4634231307860722
PD3890a_non-exome	T[T>G]G	0.0018562964388824628	0.23244672896063345	0.15699752766774683	0.015595260072637288	0.5931041868600999
PD3890a_non-exome	T[T>G]T	0.004500385099222438	0.26990780086894883	0.19923162302830155	0.031541387605604106	0.4948188033979231
PD3904a_non-exome	A[C>A]A	0.011819377695711588	0.7404062986962995	0.0728810240437126	0.16461584012415936	0.010277459440116937
PD3904a_non-exome	A[C>A]C	0.003324509339684618	0.7170794207829166	0.10055105975528594	0.15736587376791472	0.021679136354198103
PD3904a_non-exome	A[C>A]G	0.01609840396661889	0.6377884164755057	0.11721542935321663	0.19883693565538876	0.03006081454927006
PD3904a_non-exome	A[C>A]T	0.0037821419629493996	0.8139523828550081	0.08515458207621766	0.07673112395064385	0.0203797691551809
PD3904a_non-exome	A[C>G]A	0.02736182657152467	0.7952167194261255	0.058217424212174525	0.06856248685116194	0.05064154293901348
PD3904a_non-exome	A[C>G]C	0.01326952480605111	0.7371761868612978	0.08687651182349691	0.12273695227166229	0.03994082423749176
PD3904a_non-exome	A[C>G]G	0.0037992858103179337	0.7464705143417641	0.10720500500731671	0.08993960449495245	0.05258559034564874
PD3904a_non-exome	A[C>G]T	0.02830888725070496	0.7695080640382277	0.049707154956738185	0.09657594862467463	0.055899945129654585
PD3904a_non-exome	A[C>T]A	0.02548161696434976	0.6414683393293009	0.07270399416072253	0.24354755994479782	0.01679848960082901
PD3904a_non-exome	A[C>T]C	0.030166078011728593	0.6021262468392743	0.04987784028948629	0.2686302755084162	0.04919955935109471
PD3904a_non-exome	A[C>T]G	0.01174674266376102	0.13407602621073253	0.0958299289564378	0.7310768930382666	0.027270409130802087
PD3904a_non-exome	A[C>T]T	0.017327840153296692	0.7853459106601071	0.06499606716688877	0.11310263859195789	0.019227543427749585
PD3904a_non-exome	A[T>A]A	0.024078361019005484	0.6288508822787544	0.14396443620565064	0.17809849199062847	0.02500782850596098
PD3904a_non-exome	A[T>A]C	0.015611991347116792	0.5641869869483181	0.1127600955932387	0.27159471856511824	0.035846207546208056
PD3904a_non-exome	A[T>A]G	0.006888915255432023	0.7589446314028943	0.10290419118185891	0.1180547371797261	0.013207524980088701
PD3904a_non-exome	A[T>A]T	0.004003323245368806	0.6267462540068326	0.11998605701029685	0.235199461838985	0.014064903898516746
PD3904a_non-exome	A[T>C]A	0.005228068639838968	0.6264349076550985	0.1189920787987872	0.23001144405626223	0.019333500850013185
PD3904a_non-exome	A[T>C]C	0.006228039628630672	0.6657325390720306	0.09556086057209023	0.19084691912625942	0.04163164160098911
PD3904a_non-exome	A[T>C]G	0.011185724856574812	0.6653347580016552	0.06546165067275019	0.222803821942854	0.03521404452616582
PD3904a_non-exome	A[T>C]T	0.005609448081458738	0.6525875980054998	0.09328976945868009	0.2099326686538185	0.038580515800542975
PD3904a_non-exome	A[T>G]A	0.007247039662119949	0.5621377598991233	0.2086372929506148	0.1837704692672869	0.03820743822085504
PD3904a_non-exome	A[T>G]C	0.03199201368869468	0.41293434976943916	0.20725604506140646	0.28064301045859275	0.06717458102186714
PD3904a_non-exome	A[T>G]G	0.0051548406962697736	0.8746405794893578	0.060549404129821675	0.0122427535533232	0.047412422131227684
PD3904a_non-exome	A[T>G]T	0.0065582679804550206	0.6231951557127474	0.12640283702104585	0.17117561240197454	0.07266812688377727
PD3904a_non-exome	C[C>A]A	0.011493120877542794	0.7553488570221664	0.07158943700107398	0.13682198141592755	0.024746603683289188
PD3904a_non-exome	C[C>A]C	0.0092293471785163	0.8538675567378978	0.07365665396411641	0.04227232411252101	0.020974118006948327
PD3904a_non-exome	C[C>A]G	0.011622845731289964	0.6819660721035621	0.13661704310380374	0.14358919613435994	0.026204842926984325
PD3904a_non-exome	C[C>A]T	0.005368203145629734	0.8191431269045567	0.06847491747020115	0.09729477608765072	0.009718976391961844
PD3904a_non-exome	C[C>G]A	0.04049656951431642	0.8155817279019151	0.05748894529885109	0.05163007913839079	0.03480267814652663
PD3904a_non-exome	C[C>G]C	0.013732629536144418	0.8302621003413319	0.07026096382820549	0.04629499783549544	0.039449308458822906
PD3904a_non-exome	C[C>G]G	0.023963785229734576	0.6779133290497553	0.13202833294823893	0.09800385997478925	0.06809069279748194
PD3904a_non-exome	C[C>G]T	0.03846460651452864	0.7859375181809675	0.03263968899648028	0.10431349423107009	0.03864469207695357
PD3904a_non-exome	C[C>T]A	0.10192053297269897	0.5220520585277734	0.09400015332773999	0.26191908643027284	0.020108168741514987
PD3904a_non-exome	C[C>T]C	0.04060776018213624	0.529032487083875	0.09767110281173404	0.3073320344235168	0.02535661549873802
PD3904a_non-exome	C[C>T]G	0.052503611701261416	0.09837951483425054	0.09928093091973868	0.7195690877472745	0.030266854797474953
PD3904a_non-exome	C[C>T]T	0.0435969019259533	0.6479925320978207	0.06583531009787312	0.21669460686524117	0.025880649013111687
PD3904a_non-exome	C[T>A]A	0.006629527620064922	0.825403014625658	0.12244646404151298	0.022619415053352132	0.02290157865941192
PD3904a_non-exome	C[T>A]C	0.005785257867697932	0.8027166729551147	0.11695090751348969	0.043002579279609994	0.031544582384087486
PD3904a_non-exome	C[T>A]G	0.0045347046346469345	0.8199432336624699	0.10693748737413108	0.025356511854261493	0.043228062474490514
PD3904a_non-exome	C[T>A]T	0.0016689493818900537	0.8692397778796679	0.06553911258467789	0.03919416915912034	0.024357990994643905
PD3904a_non-exome	C[T>C]A	0.005748127562457412	0.7612216884561517	0.0650020331655987	0.13911335111534623	0.02891479970044583
PD3904a_non-exome	C[T>C]C	0.007526930706808257	0.7672114742162002	0.10450575518214865	0.10615860596532253	0.014597233929520325
PD3904a_non-exome	C[T>C]G	0.02374301739044033	0.6404679821376497	0.09199308647075337	0.18530319620681018	0.05849271779434661
PD3904a_non-exome	C[T>C]T	0.008078790517137306	0.7656431409493333	0.05099567871472466	0.14244619978132003	0.03283619003748459
PD3904a_non-exome	C[T>G]A	0.0022598399394308127	0.7251793023477756	0.10270764075740538	0.12230833130776071	0.04754488564762752
PD3904a_non-exome	C[T>G]C	0.008574398226424909	0.7961274066428897	0.12693542241218528	0.03109830424650264	0.037264468471997325
PD3904a_non-exome	C[T>G]G	0.010144108412735135	0.7723455607384989	0.061597041686583164	0.10163772436316108	0.054275564799021646
PD3904a_non-exome	C[T>G]T	0.0025566529238540674	0.6709275096943993	0.10485098617153384	0.1836289000176627	0.03803595119255005
PD3904a_non-exome	G[C>A]A	0.01035130342762182	0.6525086708242023	0.0777377025993525	0.2437848975971406	0.015617425551682886
PD3904a_non-exome	G[C>A]C	0.008605138388165817	0.7522763545678307	0.09223061875540163	0.13464609565092672	0.012241792637674978
PD3904a_non-exome	G[C>A]G	0.01717382773783277	0.3371324313829484	0.1138861244642655	0.5109487171042387	0.020858899310714583
PD3904a_non-exome	G[C>A]T	0.004504685270629297	0.7290734495519996	0.06889118114213735	0.1819531704193279	0.015577513615905791
PD3904a_non-exome	G[C>G]A	0.023793051339377393	0.7273843568320756	0.10875992833980247	0.094119554391123	0.045943109097621546
PD3904a_non-exome	G[C>G]C	0.015748178951147097	0.7525354515358724	0.09798029917782372	0.1073137660432778	0.026422304291878942
PD3904a_non-exome	G[C>G]G	0.020540126709984948	0.7851866621069745	0.08153323895750444	0.03938860228817085	0.07335136993736521
PD3904a_non-exome	G[C>G]T	0.03052829152880647	0.8068205886458293	0.08165606315119354	0.03224078692676411	0.048754269747406466
PD3904a_non-exome	G[C>T]A	0.062002407636217595	0.49665332403359325	0.12945196387380958	0.2904422585839304	0.02145004587244921
PD3904a_non-exome	G[C>T]C	0.03277446315820388	0.5467400092816549	0.08562133278772992	0.3117386049186527	0.023125589853758663
PD3904a_non-exome	G[C>T]G	0.025789795530797355	0.1942243005426583	0.1023354109746406	0.6512307853912306	0.02641970756067315
PD3904a_non-exome	G[C>T]T	0.03712510998806975	0.636185602744286	0.08016820187113813	0.22785356442930413	0.01866752096720199
PD3904a_non-exome	G[T>A]A	0.011783166729035734	0.8585873995577965	0.08175498976414491	0.014534974955684508	0.03333946899333824
PD3904a_non-exome	G[T>A]C	0.014879934692787594	0.7458341017586816	0.09548648690534083	0.1074047821922291	0.03639469445096083
PD3904a_non-exome	G[T>A]G	0.013790561980657963	0.8113673843645133	0.05382938126400594	0.09706646066611822	0.023946211724704677
PD3904a_non-exome	G[T>A]T	0.002353898988822948	0.8320100494850509	0.09730705118746276	0.03144991608926118	0.03687908424940227
PD3904a_non-exome	G[T>C]A	0.009610687355633111	0.5909645067563487	0.09843353031946826	0.260453334649152	0.040537940919398
PD3904a_non-exome	G[T>C]C	0.01268519624934382	0.582835949915192	0.14813976588840752	0.21898254357515826	0.037356544371898316
PD3904a_non-exome	G[T>C]G	0.01826863018480803	0.6517394201144798	0.10035815697263312	0.1735831117837345	0.0560506809443445
PD3904a_non-exome	G[T>C]T	0.008237262246766913	0.48861900763506416	0.15081518292572935	0.3233712208542133	0.02895732633822635
PD3904a_non-exome	G[T>G]A	0.015212669452027015	0.714325864659054	0.13802447473656668	0.061456419686196535	0.07098057146615579
PD3904a_non-exome	G[T>G]C	0.015274720935681867	0.7838443537210417	0.05571743230446495	0.09458932910402335	0.05057416393478828
PD3904a_non-exome	G[T>G]G	0.031872218514558535	0.7662161182684029	0.1289990803110811	0.014386739428447882	0.05852584347750966
PD3904a_non-exome	G[T>G]T	0.006212201628151295	0.7399640258034671	0.10009932099151599	0.12004101663992868	0.03368343493693695
PD3904a_non-exome	T[C>A]A	0.18106127392976784	0.5302394101517018	0.06547591197974106	0.20784633836228666	0.01537706557650255
PD3904a_non-exome	T[C>A]C	0.09515397566352417	0.5942118609753071	0.06101460671652247	0.21403108033261994	0.03558847631202631
PD3904a_non-exome	T[C>A]G	0.09119461078486224	0.4882516623364554	0.10420103270647929	0.30987341998435736	0.006479274187845672
PD3904a_non-exome	T[C>A]T	0.07354183475879661	0.6232424679603614	0.05829797070749328	0.22934199207711775	0.015575734496231054
PD3904a_non-exome	T[C>G]A	0.8100324633567264	0.10105737603565447	0.0023929399587979574	0.019200929560118065	0.06731629108870321
PD3904a_non-exome	T[C>G]C	0.28685181954848005	0.5102992209495839	0.02015421900497683	0.1292567699571319	0.053437970539827274
PD3904a_non-exome	T[C>G]G	0.42601924096806554	0.33013289476777485	0.09316205952907625	0.0534062181077262	0.09727958662735713
PD3904a_non-exome	T[C>G]T	0.5938352675003896	0.287313702995634	0.007642246701067781	0.05024979916105139	0.0609589836418572
PD3904a_non-exome	T[C>T]A	0.7504916824384205	0.10558560642179482	0.07627961220322105	0.06761679506054935	2.6303876014290806e-05
PD3904a_non-exome	T[C>T]C	0.34736533207607606	0.28694569897896305	0.08928920604819045	0.26748236868997216	0.008917394206798365
PD3904a_non-exome	T[C>T]G	0.3115586053970199	0.026640867649057657	0.0774952198896267	0.5681045586497171	0.016200748414578595
PD3904a_non-exome	T[C>T]T	0.5247058243964948	0.2612436912726704	0.07879669106789863	0.13194766227386748	0.0033061309890686976
PD3904a_non-exome	T[T>A]A	0.006058187010309654	0.4919973708741467	0.1345079468654278	0.3530141868730919	0.014422308377023888
PD3904a_non-exome	T[T>A]C	0.004684919359816977	0.8284023577284724	0.06600222153164302	0.0872594979462029	0.01365100343386471
PD3904a_non-exome	T[T>A]G	0.00370600910908744	0.7873524118690277	0.07337845426698635	0.11383334305256332	0.021729781702335266
PD3904a_non-exome	T[T>A]T	0.0034604508946836808	0.778678098553257	0.10921731533639974	0.09082779494382534	0.017816340271834277
PD3904a_non-exome	T[T>C]A	0.005188435218011153	0.6849453392585835	0.10114059381717912	0.19703083811196678	0.011694793594259446
PD3904a_non-exome	T[T>C]C	0.012080161278445727	0.5928006209869318	0.14752538356077669	0.21014235881781274	0.037451475356033076
PD3904a_non-exome	T[T>C]G	0.010025119070437374	0.6553751367657278	0.10147836227099989	0.21699916102606784	0.016122220866767126
PD3904a_non-exome	T[T>C]T	0.005671298398384539	0.5771619498210965	0.10851900308015254	0.2790837469680526	0.02956400173231396
PD3904a_non-exome	T[T>G]A	0.00392048547461697	0.7410654406915472	0.11798116643047911	0.10303623619753192	0.03399667120582485
PD3904a_non-exome	T[T>G]C	0.005795270874616823	0.6641924143266886	0.1578062523684573	0.13058594499686205	0.04162011743337541
PD3904a_non-exome	T[T>G]G	0.004897108396701332	0.7488038388821056	0.08773399133836196	0.10259038277390752	0.055974678608923516
PD3904a_non-exome	T[T>G]T	0.009521789481797787	0.6973271452024916	0.08929144653828512	0.1664069021024914	0.03745271667493404
PD3905a_non-exome	A[C>A]A	0.008567563869718626	0.5645444724230544	0.22032426627092164	0.07844521908163891	0.12811847835466636
PD3905a_non-exome	A[C>A]C	0.0020109202255004905	0.45624682892153046	0.2536524512438108	0.06257631144285443	0.22551348816630376
PD3905a_non-exome	A[C>A]G	0.00882828957235208	0.367905000779189	0.26807953275358454	0.07168411499317658	0.2835030619016979
PD3905a_non-exome	A[C>A]T	0.0023404081573549624	0.5298074868149046	0.21975912918868584	0.03121457704101529	0.21687839879803922
PD3905a_non-exome	A[C>G]A	0.013528020815593273	0.4135613978974385	0.12004036023324066	0.022284754620222048	0.43058546643350554
PD3905a_non-exome	A[C>G]C	0.006916356246455933	0.4041649025206121	0.18884673729374687	0.04205614262296763	0.3580158613162174
PD3905a_non-exome	A[C>G]G	0.0017272986493499112	0.3569796346000449	0.20326642821334406	0.026881194239964996	0.41114544429729616
PD3905a_non-exome	A[C>G]T	0.013676690978196423	0.391053994146919	0.10015260932339554	0.030673217633617005	0.46444348791787204
PD3905a_non-exome	A[C>T]A	0.017544035721427393	0.464561334790849	0.20875934080575798	0.1102347243266214	0.19890056435534423
PD3905a_non-exome	A[C>T]C	0.015925099469900467	0.33436143280430236	0.10981358520946469	0.09322886115921092	0.44667102135712144
PD3905a_non-exome	A[C>T]G	0.007820590578161065	0.09389415124337759	0.2660776452267421	0.3199759011939632	0.31223171175775594
PD3905a_non-exome	A[C>T]T	0.011403659211963187	0.5436583956227009	0.17839061500050474	0.048933316548782586	0.2176140136160485
PD3905a_non-exome	A[T>A]A	0.013135288036039272	0.3608491349838405	0.3275314638600243	0.06387119457959023	0.2346129185405057
PD3905a_non-exome	A[T>A]C	0.008329326772635115	0.316621191275838	0.2508950889899625	0.09525878474674877	0.3288956082148157
PD3905a_non-exome	A[T>A]G	0.0044759086439762	0.5186874974647722	0.2788358186418412	0.050425000120906525	0.14757577512850395
PD3905a_non-exome	A[T>A]T	0.002565964320503797	0.4225586700643282	0.3207346371425201	0.09910564592931274	0.1550350825433352
PD3905a_non-exome	A[T>C]A	0.0031798761218173118	0.4007838255001873	0.30183673820725715	0.09197090988185357	0.20222865028888476
PD3905a_non-exome	A[T>C]C	0.003199689246568788	0.3597671734484063	0.20474891694454816	0.06445753686664984	0.3678266834938271
PD3905a_non-exome	A[T>C]G	0.006442999206658036	0.4031154771635585	0.1572519444253498	0.08436818369378422	0.3488213955106495
PD3905a_non-exome	A[T>C]T	0.0029796124298642106	0.3646227613853369	0.206661125844829	0.07330807051095566	0.3524284298290143
PD3905a_non-exome	A[T>G]A	0.0032258617096715663	0.2632044218799344	0.38731308829211486	0.053776551561656706	0.29248007655662245
PD3905a_non-exome	A[T>G]C	0.011980102665868811	0.16265420263814614	0.32367659442247343	0.06908842799395709	0.4326006722795546
PD3905a_non-exome	A[T>G]G	0.0025759917700771554	0.4597525647418453	0.12618979151641602	0.004021985010352428	0.407459666961309
PD3905a_non-exome	A[T>G]T	0.002570379466168754	0.2569197368042548	0.20660937911399477	0.04410441770291029	0.48979608691267146
PD3905a_non-exome	C[C>A]A	0.007094017576783303	0.4904188756659063	0.18428430938146909	0.05551908232567817	0.2626837150501632
PD3905a_non-exome	C[C>A]C	0.005757304700974616	0.5602786317641664	0.19162198926833574	0.017335504109204803	0.22500657015731848
PD3905a_non-exome	C[C>A]G	0.006303823952784847	0.38906278093787755	0.3090164581983695	0.051197114496158304	0.24441982241480983
PD3905a_non-exome	C[C>A]T	0.003879649119664699	0.6227139771074692	0.20638596060364414	0.04622587576094601	0.12079453740827602
PD3905a_non-exome	C[C>G]A	0.02287162659210337	0.4845199001715234	0.13540923490240647	0.01916962976068926	0.3380296085732774
