catalog,signature_no,cluster_id,SBS96A,SBS96B
SBS96,2,1,0.16678632640888977,0.8332136735911102
SBS96,2,2,0.3221024096007339,0.677897590399266
SBS96,2,3,0.5618818244400139,0.43811817555998606
SBS96,2,4,0.999632318016976,0.0003676819830240446
SBS96,2,5,0.6964091325082801,0.3035908674917199
SBS96,2,6,0.7318437988762214,0.2681562011237785
SBS96,2,7,0.785081603919564,0.21491839608043597
SBS96,2,8,0.7641334641367385,0.2358665358632615
SBS96,2,9,0.8410713879343812,0.1589286120656188
SBS96,2,10,0.8136539964886145,0.1863460035113855
SBS96,2,11,0.8669101894667232,0.13308981053327687
SBS96,2,12,0.9552506923503159,0.044749307649683975
SBS96,2,13,0.897424910469841,0.10257508953015901
SBS96,2,14,0.8856498771364771,0.11435012286352274
SBS96,2,15,0.9266974964048698,0.07330250359513017
SBS96,2,16,0.9144727950226917,0.0855272049773082
SBS96,3,1,0.9954540222357176,0.0030481826805907825,0.0014977950836915577
SBS96,3,2,0.8024916804349473,0.13200508494422575,0.065503234620827
SBS96,3,3,0.0,1.0,0.0
SBS96,3,4,0.3945676709130758,0.33136254340012355,0.27406978568680074
SBS96,3,5,0.12389785971660311,0.4793862859543728,0.39671585432902395
SBS96,4,1,0.7984622206678715,0.03523721525164025,0.1417186938523616,0.024581870228126638
SBS96,4,2,0.644452670670749,0.06186537798282776,0.26780308371540157,0.02587886763102172
SBS96,4,3,0.0,0.0,1.0,0.0
SBS96,4,4,0.10642791963502257,0.3278088033351249,0.3841863648378698,0.18157691219198274
SBS96,5,1,0.37701658023853146,0.4843810762035198,0.009709921483369915,0.10645762534769847,0.022434796726880424
SBS96,5,2,0.07784540162715595,0.11411550852622347,0.3028856632715544,0.3717173449186214,0.13343608165644477
SBS96,6,1,0.013871111145142128,0.1019983010988348,0.2781167894168438,0.006480713969938108,0.540626992435132,0.05890609193410918
SBS96,6,2,0.044634640772050094,0.09869307046565813,0.2826421792784879,0.03572482108554619,0.4422031557784593,0.09610213261979837
SBS96,6,3,0.1067462007101348,0.1493370701279576,0.2068968898658257,0.15521974024518334,0.28996320334590914,0.09183689570498944
SBS96,6,4,0.11867676281706638,0.19928662598193647,0.16615494774020964,0.22025599421903153,0.16037937749722098,0.135246291744535
SBS96,6,5,0.03319639343031156,0.11878414089753526,0.4954026586233123,0.0627714750521768,0.013681083174260563,0.27616424882240354
SBS96,6,6,0.4735394494146716,0.49574088933326277,0.004109834711180268,0.003145412521354638,0.0021634580874858233,0.021300955932044868
SBS96,6,7,0.2553416070968464,0.3081847526300344,0.11752557430584326,0.22888924064205837,0.00964067195584494,0.08041815336937269
SBS96,6,8,0.08762298309157003,0.10508478096466393,0.2690799066014052,0.45030971619139815,0.00104481129071293,0.08685780186024976
SBS96,7,1,0.0485534396972796,0.023996163086910476,0.2004462185513494,0.007130124777183601,0.0,0.052858082190236806,0.6670159716970402
SBS96,7,2,0.1659484499956626,0.120869052083668,0.2623917632505129,0.22073685886372388,0.15533831760258135,0.07059871819518632,0.004116840008664954
SBS96,7,3,0.09790553415634179,0.11269201158257193,0.10239964263215544,0.10624350034573081,0.31808221832931954,0.10074370649189937,0.1619333864619811
SBS96,7,4,0.11503324498708516,0.045178134378758485,0.25696471458165443,0.02384280459532663,0.0520198478526591,0.029354138999004794,0.47760711460551136
SBS96,7,5,0.10511491052633312,0.0840451413120709,0.14904058826081953,0.11452999538045142,0.13510978603538085,0.0819174719554075,0.33024210652953667
SBS96,8,1,0.12178625426104811,0.1782635498520007,0.02693252353352242,0.5694664960108864,0.03323284524834912,0.04948499776085983,0.020833333333333332,0.0
SBS96,8,2,0.1697838987280572,0.1840786413672275,0.12388662398957798,0.3637899194303222,0.07545160693657518,0.08225742984899183,0.0003759398496240601,0.0003759398496240601
SBS96,8,3,0.17922792764189072,0.22819783440857422,0.09634750159939369,0.10701633678310267,0.07373801763655784,0.1715881776970237,0.028396468495934957,0.1154877357375222
SBS96,8,4,0.10340532737342846,0.08449355688995566,0.11670615880359098,0.0030744727882119423,0.11459154868976681,0.2591909857483587,0.10083610263864973,0.2177018470680377
SBS96,8,5,0.029893256664880328,0.06129760421591538,0.33184568904775147,9.600614439324117e-05,0.04941913788659866,0.05631437691129157,0.23217040999167238,0.23896351913749703
SBS96,9,1,0.059883913528098805,0.07909505073058361,0.17627484072732033,0.09065120213668985,0.06254774486347107,0.05318702609635315,0.3614570179547703,0.07902426361063941,0.03787894035207351
SBS96,9,2,0.10649203443098097,0.12913798044589425,0.2162943151651152,0.11481049615954952,0.1209066150880077,0.06792006466083465,0.001544435193493742,0.1470157281244386,0.09587833073168534
SBS96,10,1,0.06500147254300907,0.08681721490775027,0.13273991892614148,0.08335688731539477,0.07529065606189586,0.0655966198085374,0.09477516551009581,0.24614523933456495,0.08047575159644756,0.06980107399616284
SBS96,10,2,0.10013322511453568,0.12708152436944847,0.20025726669097416,0.09959856411270439,0.10550135750409032,0.05882980181275028,0.10081101678288336,0.0005427480406113295,0.10867086829637705,0.09857362727562498
SBS96,11,1,0.06483956164129494,0.07869112405591203,0.055632707214539764,0.13161170063842312,0.09774110934495828,0.08552827813462771,0.04219026854973277,0.07957344239402163,0.22922969307643587,0.08121027918668133,0.05375183576337258
SBS96,11,2,0.10195491357871792,0.1198497337870789,0.08488759449193156,0.18596963485271767,0.10971638764463687,0.08232353727302971,0.0550247335049106,0.09652445018411113,0.0005916759625877115,0.09737461074043029,0.06578272797984765
SBS96,12,1,0.219347624862261,0.17688474477110158,0.15872030861557065,0.03655558675165667,0.15420757670732696,0.01292072792558023,0.014198167510590345,0.1329659423100612,0.02031051664066468,0.0013324450366422385,0.056667755978258995,0.015888602890285417
SBS96,12,2,0.06095342906044647,0.04388241703762371,0.04104757655572482,0.2025092888639455,0.052328419499689305,0.06375046985556523,0.09603523043014703,0.05117375116401541,0.10158761785668431,0.13650196722132468,0.09077262993583016,0.05945720251900334
SBS96,13,1,0.049103941111853504,0.029271906764613557,0.019901879432985724,0.047673812644140785,0.2024968574616378,0.044429507879685734,0.03314778968696316,0.03154613048007978,0.06666952689966155,0.07161375888223619,0.04416785035891845,0.33609735258446777,0.023879685812756
SBS96,13,2,0.03622962728167632,0.02551956219880748,0.02070918081444397,0.057662440997479365,0.335213380782277,0.061740501502861894,0.04527350562866657,0.037192151055164754,0.09316321886621108,0.11310043497364322,0.08929795942206037,0.03652859904914699,0.04836943742756099
SBS96,13,3,0.07910350860003658,0.04869811545436927,0.02936230059893082,0.046332564281080756,0.16819738667603745,0.06904380056430012,0.1299473886966103,0.016985544289168302,0.11636892385872323,0.10426867502147903,0.11687137564997675,0.004759386567953464,0.07006102974133394
SBS96,13,4,0.10026843626291733,0.08710642937506333,0.05716067062262182,0.09862163569336883,0.04861318115874411,0.034060962710712676,0.07951046881556603,0.2342794013643254,0.06865534710650095,0.04560553139431871,0.10731568367285639,0.0,0.038802251823004355
SBS96,13,5,0.18450910763085807,0.16562861061911277,0.14522927949041106,0.13324893876393573,0.027078278066435757,0.0222827686959725,0.06875407704799334,0.04033536194467054,0.06761600674766692,0.03409260957327534,0.06976223418973067,0.00017128175849272052,0.04129144547144461
SBS96,14,1,0.060212975006994005,0.04336409978257328,0.037450385170429284,0.08235250677395822,0.044048415727433884,0.06995314451769415,0.07011712888395834,0.17182914770351154,0.09219280123474075,0.06930018518599282,0.07109179191248427,0.05775908626817344,0.058287276310573836,0.0720410555214822
SBS96,14,2,0.08786310390799067,0.09226493118326143,0.07928004264688553,0.014019479403959603,0.053279560782817856,0.04850457211926923,0.06910037612569533,0.07770887412129596,0.10303014824305956,0.17654545723991452,0.033037683959869786,0.058937614250320826,0.058616324814608725,0.04781183120105098
SBS96,14,3,0.10217700180951178,0.07797590591687285,0.06420137512551483,0.1607117154683407,0.06982936509538105,0.03455994433182642,0.06309314479297956,0.0006024872100836024,0.06281640394083401,0.0696139566530902,0.05959620398558717,0.09245099484781676,0.05487628817514122,0.08749521264701984
SBS96,15,1,0.09380041774556529,0.07335702202578483,0.06282940369943046,0.12749016740202015,0.06497535002035928,0.04173238062456005,0.12286015477012302,0.000919705278511324,0.07127319208569316,0.058489911514505395,0.07045613328348274,0.06167811315677413,0.07505883352200644,0.03372846703891579,0.041350747832267915
SBS96,15,2,0.06145083676334498,0.04423617945358743,0.034647254683035235,0.1196870015333679,0.04168054684289709,0.04043090096065658,0.07775711511903306,0.2679937123910938,0.05262783153216998,0.0477815379253244,0.06994760214747268,0.05355425759739052,0.03428279933784229,0.02243973004550446,0.031482693667279564
SBS96,7,1,0.0485534396972796,0.023996163086910476,0.2004462185513494,0.007130124777183601,0.0,0.052858082190236806,0.6670159716970402
SBS96,7,2,0.1659484499956626,0.120869052083668,0.2623917632505129,0.22073685886372388,0.15533831760258135,0.07059871819518632,0.004116840008664954
SBS96,7,3,0.09790553415634179,0.11269201158257193,0.10239964263215544,0.10624350034573081,0.31808221832931954,0.10074370649189937,0.1619333864619811
SBS96,7,4,0.11503324498708516,0.045178134378758485,0.25696471458165443,0.02384280459532663,0.0520198478526591,0.029354138999004794,0.47760711460551136
SBS96,7,5,0.10511491052633312,0.0840451413120709,0.14904058826081953,0.11452999538045142,0.13510978603538085,0.0819174719554075,0.33024210652953667
SBS96,6,1,0.013871111145142128,0.1019983010988348,0.2781167894168438,0.006480713969938108,0.540626992435132,0.05890609193410918
SBS96,6,2,0.044634640772050094,0.09869307046565813,0.2826421792784879,0.03572482108554619,0.4422031557784593,0.09610213261979837
SBS96,6,3,0.1067462007101348,0.1493370701279576,0.2068968898658257,0.15521974024518334,0.28996320334590914,0.09183689570498944
SBS96,6,4,0.11867676281706638,0.19928662598193647,0.16615494774020964,0.22025599421903153,0.16037937749722098,0.135246291744535
SBS96,6,5,0.03319639343031156,0.11878414089753526,0.4954026586233123,0.0627714750521768,0.013681083174260563,0.27616424882240354
SBS96,6,6,0.4735394494146716,0.49574088933326277,0.004109834711180268,0.003145412521354638,0.0021634580874858233,0.021300955932044868
SBS96,6,7,0.2553416070968464,0.3081847526300344,0.11752557430584326,0.22888924064205837,0.00964067195584494,0.08041815336937269
SBS96,6,8,0.08762298309157003,0.10508478096466393,0.2690799066014052,0.45030971619139815,0.00104481129071293,0.08685780186024976
SBS96,6,1,0.013871111145142128,0.1019983010988348,0.2781167894168438,0.006480713969938108,0.540626992435132,0.05890609193410918
SBS96,6,2,0.044634640772050094,0.09869307046565813,0.2826421792784879,0.03572482108554619,0.4422031557784593,0.09610213261979837
SBS96,6,3,0.1067462007101348,0.1493370701279576,0.2068968898658257,0.15521974024518334,0.28996320334590914,0.09183689570498944
SBS96,6,4,0.11867676281706638,0.19928662598193647,0.16615494774020964,0.22025599421903153,0.16037937749722098,0.135246291744535
SBS96,6,5,0.03319639343031156,0.11878414089753526,0.4954026586233123,0.0627714750521768,0.013681083174260563,0.27616424882240354
SBS96,6,6,0.4735394494146716,0.49574088933326277,0.004109834711180268,0.003145412521354638,0.0021634580874858233,0.021300955932044868
SBS96,6,7,0.2553416070968464,0.3081847526300344,0.11752557430584326,0.22888924064205837,0.00964067195584494,0.08041815336937269
SBS96,6,8,0.08762298309157003,0.10508478096466393,0.2690799066014052,0.45030971619139815,0.00104481129071293,0.08685780186024976
SBS96,7,1,0.0485534396972796,0.023996163086910476,0.2004462185513494,0.007130124777183601,0.0,0.052858082190236806,0.6670159716970402
SBS96,7,2,0.1659484499956626,0.120869052083668,0.2623917632505129,0.22073685886372388,0.15533831760258135,0.07059871819518632,0.004116840008664954
SBS96,7,3,0.09790553415634179,0.11269201158257193,0.10239964263215544,0.10624350034573081,0.31808221832931954,0.10074370649189937,0.1619333864619811
SBS96,7,4,0.11503324498708516,0.045178134378758485,0.25696471458165443,0.02384280459532663,0.0520198478526591,0.029354138999004794,0.47760711460551136
SBS96,7,5,0.10511491052633312,0.0840451413120709,0.14904058826081953,0.11452999538045142,0.13510978603538085,0.0819174719554075,0.33024210652953667
SBS96,6,1,0.013871111145142128,0.1019983010988348,0.2781167894168438,0.006480713969938108,0.540626992435132,0.05890609193410918
SBS96,6,2,0.044634640772050094,0.09869307046565813,0.2826421792784879,0.03572482108554619,0.4422031557784593,0.09610213261979837
SBS96,6,3,0.1067462007101348,0.1493370701279576,0.2068968898658257,0.15521974024518334,0.28996320334590914,0.09183689570498944
SBS96,6,4,0.11867676281706638,0.19928662598193647,0.16615494774020964,0.22025599421903153,0.16037937749722098,0.135246291744535
SBS96,6,5,0.03319639343031156,0.11878414089753526,0.4954026586233123,0.0627714750521768,0.013681083174260563,0.27616424882240354
SBS96,6,6,0.4735394494146716,0.49574088933326277,0.004109834711180268,0.003145412521354638,0.0021634580874858233,0.021300955932044868
SBS96,6,7,0.2553416070968464,0.3081847526300344,0.11752557430584326,0.22888924064205837,0.00964067195584494,0.08041815336937269
SBS96,6,8,0.08762298309157003,0.10508478096466393,0.2690799066014052,0.45030971619139815,0.00104481129071293,0.08685780186024976
SBS96,7,1,0.0485534396972796,0.023996163086910476,0.2004462185513494,0.007130124777183601,0.0,0.052858082190236806,0.6670159716970402
SBS96,7,2,0.1659484499956626,0.120869052083668,0.2623917632505129,0.22073685886372388,0.15533831760258135,0.07059871819518632,0.004116840008664954
SBS96,7,3,0.09790553415634179,0.11269201158257193,0.10239964263215544,0.10624350034573081,0.31808221832931954,0.10074370649189937,0.1619333864619811
SBS96,7,4,0.11503324498708516,0.045178134378758485,0.25696471458165443,0.02384280459532663,0.0520198478526591,0.029354138999004794,0.47760711460551136
SBS96,7,5,0.10511491052633312,0.0840451413120709,0.14904058826081953,0.11452999538045142,0.13510978603538085,0.0819174719554075,0.33024210652953667
