Sample Names	MutationType	SBS1	SBS2	SBS3	SBS5	SBS13	SBS36
PD3851a_exome37	A[C>A]A	0.010651443668748605	4.979637861554516e-06	0.8039320839795697	0.18541149271382004	0.0	0.0
PD3851a_exome37	A[C>A]C	0.033744895766191677	0.0015643773656056183	0.7851240677486426	0.17956665911956024	0.0	0.0
PD3851a_exome37	A[C>A]G	0.02153731532878793	0.004544811730696112	0.6846024576708141	0.2893154152697019	0.0	0.0
PD3851a_exome37	A[C>A]T	0.026086124439908542	0.0014234210976552572	0.7993567423248261	0.17313371213761009	0.0	0.0
PD3851a_exome37	A[C>G]A	0.023792363603192732	2.0371566502072136e-15	0.8101623413331865	0.16604529506361876	0.0	0.0
PD3851a_exome37	A[C>G]C	0.02637479131492637	0.0020534712526252452	0.8131975432057736	0.15837419422667462	0.0	0.0
PD3851a_exome37	A[C>G]G	0.03650962225165208	0.0034462718174796407	0.2582333417593168	0.7018107641715515	0.0	0.0
PD3851a_exome37	A[C>G]T	0.016256223524648897	0.0009287624883560603	0.7977105725625924	0.18510444142440258	0.0	0.0
PD3851a_exome37	A[C>T]A	0.2220345145999764	0.00038753998145651	0.40546176472760803	0.37211618069095903	0.0	0.0
PD3851a_exome37	A[C>T]C	0.09005777500809313	0.014043993202537951	0.5680765840307798	0.3278216477585892	0.0	0.0
PD3851a_exome37	A[C>T]G	0.957430744689688	6.125719281021323e-05	0.021673480447218837	0.02083451767028281	0.0	0.0
PD3851a_exome37	A[C>T]T	0.12268694380266776	0.01701191504449444	0.4981949162710472	0.36210622488179073	0.0	0.0
PD3851a_exome37	A[T>A]A	0.028567515443516697	0.0024456594053066756	0.6302835726779143	0.3387032524732624	0.0	0.0
PD3851a_exome37	A[T>A]C	0.06381667929492785	0.01794448796085955	0.6633545470858347	0.25488428565837795	0.0	0.0
PD3851a_exome37	A[T>A]G	0.02598460773301078	0.00041509405300349967	0.7064308418488631	0.26716945636512274	0.0	0.0
PD3851a_exome37	A[T>A]T	0.006583882303869456	5.7296997002978755e-15	0.7067315438593837	0.2866845738367409	0.0	0.0
PD3851a_exome37	A[T>C]A	0.009598516261152061	0.0003880233351297052	0.46713552941246345	0.5228779309912548	0.0	0.0
PD3851a_exome37	A[T>C]C	0.06721820682091457	0.00033950546424491176	0.5516406768154176	0.38080161089942277	0.0	0.0
PD3851a_exome37	A[T>C]G	0.00119429166008422	0.00010621175660637449	0.44554342517878043	0.5531560714045289	0.0	0.0
PD3851a_exome37	A[T>C]T	0.051854440734504924	0.0010000270897121816	0.5024596996079629	0.44468583256781996	0.0	0.0
PD3851a_exome37	A[T>G]A	0.009554405655192073	0.009441883924472498	0.705427407768172	0.27557630265216343	0.0	0.0
PD3851a_exome37	A[T>G]C	0.017306449211681653	0.00445421112165407	0.6988621425120908	0.2793771971545735	0.0	0.0
PD3851a_exome37	A[T>G]G	0.008721504962350704	4.7643612798611074e-05	0.6591399589297648	0.3320908924950859	0.0	0.0
PD3851a_exome37	A[T>G]T	0.005868213349315771	0.00014069223731366401	0.6687427764498721	0.32524831796349846	0.0	0.0
PD3851a_exome37	C[C>A]A	0.0037888249402054396	0.0018039363951692872	0.8784441405812803	0.11596309808334494	0.0	0.0
PD3851a_exome37	C[C>A]C	0.01965113547456724	0.0007471750073475606	0.89296867141138	0.08663301810670512	0.0	0.0
PD3851a_exome37	C[C>A]G	0.007389807425741461	1.2629729122780088e-14	0.6399544912913802	0.35265570128286566	0.0	0.0
PD3851a_exome37	C[C>A]T	3.834042942798843e-15	0.005170333399851462	0.851394907471879	0.1434347591282656	0.0	0.0
PD3851a_exome37	C[C>G]A	0.0003392864738482589	2.242468395618309e-15	0.8737054429813329	0.12595527054481664	0.0	0.0
PD3851a_exome37	C[C>G]C	0.0013397020048697818	0.004373593756783317	0.790905002819841	0.20338170141850598	0.0	0.0
PD3851a_exome37	C[C>G]G	0.041857363811903844	0.0041357439834861015	0.5734586939894579	0.38054819821515223	0.0	0.0
PD3851a_exome37	C[C>G]T	2.6546642239538206e-15	0.0005407964274294138	0.8536263961552575	0.14583280741731036	0.0	0.0
PD3851a_exome37	C[C>T]A	0.024455790765576604	0.03772618684509808	0.6329344755361591	0.3048835468531662	0.0	0.0
PD3851a_exome37	C[C>T]C	0.00300823040413146	0.0013527071638438056	0.7235686237900415	0.2720704386419832	0.0	0.0
PD3851a_exome37	C[C>T]G	0.8608899201645066	0.008689178043556756	0.031631559176963746	0.09878934261497282	0.0	0.0
PD3851a_exome37	C[C>T]T	0.001869064937857454	0.009875141321778174	0.7051424271899064	0.2831133665504578	0.0	0.0
PD3851a_exome37	C[T>A]A	0.0014192011613233522	0.00572883416295189	0.8426635731476116	0.1501883915281131	0.0	0.0
PD3851a_exome37	C[T>A]C	0.006096370861328083	0.002703184755823357	0.8877275876266734	0.10347285675617511	0.0	0.0
PD3851a_exome37	C[T>A]G	0.006571007996605089	0.002158144302492958	0.860682052159725	0.13058879554117686	0.0	0.0
PD3851a_exome37	C[T>A]T	0.005577361171735016	3.416295417230877e-15	0.8758717953122924	0.1185508435159691	0.0	0.0
PD3851a_exome37	C[T>C]A	4.8790305709444e-15	0.00471976663581149	0.6212230909801661	0.37405714238401755	0.0	0.0
PD3851a_exome37	C[T>C]C	0.039997282221666465	0.00032563432257788	0.7458295275345563	0.21384755592119936	0.0	0.0
PD3851a_exome37	C[T>C]G	0.006043892508987272	2.673707272485213e-15	0.545150796394763	0.448805311096247	0.0	0.0
PD3851a_exome37	C[T>C]T	0.0006074016455184789	0.0018943618892465568	0.7244054275500438	0.2730928089151912	0.0	0.0
PD3851a_exome37	C[T>G]A	0.002025542036169652	0.006235735084549323	0.8017751744441022	0.18996354843517893	0.0	0.0
PD3851a_exome37	C[T>G]C	0.007340424919252673	0.0038328548393072445	0.7836793146862273	0.20514740555521277	0.0	0.0
PD3851a_exome37	C[T>G]G	0.0030122402003288085	0.0020336195223870867	0.8095498939490352	0.18540424632824898	0.0	0.0
PD3851a_exome37	C[T>G]T	0.005294170887727026	0.004488554452576877	0.6997440394560134	0.2904732352036826	0.0	0.0
PD3851a_exome37	G[C>A]A	0.0419388874232994	0.0016340377726408372	0.608458010778716	0.3479690640253439	0.0	0.0
PD3851a_exome37	G[C>A]C	0.007497588236612502	3.522263604344338e-15	0.7750500820869034	0.21745232967648057	0.0	0.0
PD3851a_exome37	G[C>A]G	0.07156951324250753	0.0012103188265389518	0.5605407920458753	0.36667937588507826	0.0	0.0
PD3851a_exome37	G[C>A]T	5.4444542563981e-15	0.0008928765468532437	0.7850688363696923	0.21403828708344896	0.0	0.0
PD3851a_exome37	G[C>G]A	0.00020443399084528572	0.0009958277224252708	0.8705554727949291	0.1282442654918003	0.0	0.0
PD3851a_exome37	G[C>G]C	0.004736482951099533	0.005383455460840056	0.8013169850901191	0.18856307649794138	0.0	0.0
PD3851a_exome37	G[C>G]G	0.01678968161012344	1.610776688348562e-14	0.7869226313618961	0.19628768702796434	0.0	0.0
PD3851a_exome37	G[C>G]T	3.981936964590965e-15	0.0017091463196766425	0.8440439721243054	0.15424688155601401	0.0	0.0
PD3851a_exome37	G[C>T]A	0.05408075164567353	1.939810955888566e-15	0.6422212464190219	0.30369800193530266	0.0	0.0
PD3851a_exome37	G[C>T]C	0.0013080107104411246	1.2987483193265475e-06	0.607332257004557	0.39135843353668265	0.0	0.0
PD3851a_exome37	G[C>T]G	0.9256670876619343	6.762355905078353e-16	0.0072079724158735595	0.06712493992219148	0.0	0.0
PD3851a_exome37	G[C>T]T	0.000636606170654874	0.0005968182849889445	0.6023879850589099	0.39637859048544616	0.0	0.0
PD3851a_exome37	G[T>A]A	0.0029526451125010465	5.792046622868874e-15	0.825502029601961	0.171545325285532	0.0	0.0
PD3851a_exome37	G[T>A]C	0.004605372929305128	0.0033400593871451985	0.8585339727120025	0.13352059497154728	0.0	0.0
PD3851a_exome37	G[T>A]G	0.005738571418885098	0.0010628785807325672	0.8699759307980083	0.12322261920237428	0.0	0.0
PD3851a_exome37	G[T>A]T	0.00586553363459072	0.0010196285940499456	0.8990290833502246	0.09408575442113476	0.0	0.0
PD3851a_exome37	G[T>C]A	0.02048482213111215	3.107011067725152e-15	0.6259717908585506	0.3535433870103341	0.0	0.0
PD3851a_exome37	G[T>C]C	0.06279559872135806	0.000646727172588415	0.5992884717088455	0.3372692023972081	0.0	0.0
PD3851a_exome37	G[T>C]G	0.021055149739058296	0.0013751915334273021	0.6306378171567042	0.34693184157081025	0.0	0.0
PD3851a_exome37	G[T>C]T	0.0014121656426216364	0.00017683901555570484	0.6496127335906876	0.3487982617511351	0.0	0.0
PD3851a_exome37	G[T>G]A	1.2669395694539055e-14	0.00848167750330823	0.80747961271239	0.1840387097842891	0.0	0.0
PD3851a_exome37	G[T>G]C	2.2714374438997364e-14	0.009676818250750816	0.7664254829845588	0.2238976987646676	0.0	0.0
PD3851a_exome37	G[T>G]G	0.008240646547695024	0.0006274087188889283	0.8298305408960918	0.16130140383732441	0.0	0.0
PD3851a_exome37	G[T>G]T	0.0006702717822547956	7.312652027535198e-15	0.8606466269941568	0.13868310122358107	0.0	0.0
PD3851a_exome37	T[C>A]A	0.0017467993850151184	0.012117197670577408	0.7179122192312718	0.26822378371313566	0.0	0.0
PD3851a_exome37	T[C>A]C	0.036961833627854115	0.0017737384398419126	0.7890843672123663	0.17218006071993766	0.0	0.0
PD3851a_exome37	T[C>A]G	2.953080823797847e-14	0.008068475152785276	0.6004097612468974	0.3915217636002877	0.0	0.0
PD3851a_exome37	T[C>A]T	0.00012072748021343035	0.006453068604367363	0.658236887959522	0.33518931595589724	0.0	0.0
PD3851a_exome37	T[C>G]A	4.222962839547452e-15	3.0164020282481804e-15	0.8098829650351035	0.1901170349648892	0.0	0.0
PD3851a_exome37	T[C>G]C	0.0026956767443983456	0.0009360173096400804	0.8666605465486249	0.12970775939733664	0.0	0.0
PD3851a_exome37	T[C>G]G	0.017485259724493066	0.007414498771604716	0.42128318195158393	0.5538170595523183	0.0	0.0
PD3851a_exome37	T[C>G]T	0.01659210510446629	0.008963265659533428	0.8035740080131929	0.17087062122280733	0.0	0.0
PD3851a_exome37	T[C>T]A	0.00259031783769894	0.8933102714693845	0.04321492133180486	0.06088448936111177	0.0	0.0
PD3851a_exome37	T[C>T]C	0.0002629131730736202	0.48989260514449345	0.301448677059328	0.2083958046231049	0.0	0.0
PD3851a_exome37	T[C>T]G	0.665934089974512	0.19110331960553684	0.019249349549816847	0.12371324087013448	0.0	0.0
PD3851a_exome37	T[C>T]T	8.334649597954609e-16	0.8009183987233159	0.0981889812081076	0.10089262006857559	0.0	0.0
PD3851a_exome37	T[T>A]A	0.18635177517499582	0.00835764399526444	0.5803985510435871	0.22489202978615272	0.0	0.0
PD3851a_exome37	T[T>A]C	5.685519949158235e-15	0.003496649402171928	0.8608210284895748	0.1356823221082477	0.0	0.0
PD3851a_exome37	T[T>A]G	0.0010072807356498064	0.0012873664504095739	0.7761992929192448	0.22150605989469585	0.0	0.0
PD3851a_exome37	T[T>A]T	0.040586475658340074	0.0026409510455744785	0.7539167545785628	0.20285581871752278	0.0	0.0
PD3851a_exome37	T[T>C]A	0.003529059311733178	2.2040374570215865e-15	0.6763071047598104	0.3201638359284543	0.0	0.0
PD3851a_exome37	T[T>C]C	0.07566375835568226	0.000693381402421461	0.6451027138627702	0.2785401463791262	0.0	0.0
PD3851a_exome37	T[T>C]G	0.010638865903246215	0.0021369468399465978	0.5697918266615122	0.4174323605952949	0.0	0.0
PD3851a_exome37	T[T>C]T	0.05946102061788126	0.0003510931295375931	0.6136777307965263	0.3265101554560548	0.0	0.0
PD3851a_exome37	T[T>G]A	7.424693235492976e-15	0.0003971568771067671	0.7761932814407467	0.2234095616821392	0.0	0.0
PD3851a_exome37	T[T>G]C	0.0019177373273094505	0.001750177700837248	0.7028382629288429	0.29349382204301033	0.0	0.0
PD3851a_exome37	T[T>G]G	0.01644504483749611	0.0019218085673875416	0.7300353355125124	0.2515978110826039	0.0	0.0
PD3851a_exome37	T[T>G]T	4.362525548931024e-15	3.1160896778078744e-15	0.6605119256329136	0.339488074367079	0.0	0.0
PD3890a_exome37	A[C>A]A	0.0027750360341015834	3.329870797456151e-06	0.9176994968803482	0.06574918616541993	0.013772951049332724	0.0
PD3890a_exome37	A[C>A]C	0.009003537764884526	0.0010713123061396011	0.9178344843787655	0.06521152873595576	0.006879136814254659	0.0
PD3890a_exome37	A[C>A]G	0.00614617783621912	0.003328886004124381	0.8559984729133266	0.1123773299287156	0.022149133317614138	0.0
PD3890a_exome37	A[C>A]T	0.006892163807456347	0.0009652701987045445	0.9253534577006102	0.062261739380424515	0.004527368912804345	0.0
PD3890a_exome37	A[C>G]A	0.006070848533246896	1.334153210456804e-15	0.9057426984310933	0.057667611324643396	0.030518841711014988	0.0
PD3890a_exome37	A[C>G]C	0.0068330345600762276	0.0013654716353610553	0.9230848508160612	0.05584735160452036	0.012869291383981164	0.0
PD3890a_exome37	A[C>G]G	0.015638848561335045	0.003788928707261374	0.4846528049057381	0.40917683518331216	0.08674258264235334	0.0
PD3890a_exome37	A[C>G]T	0.004164464721931263	0.0006106799510147386	0.895376834008302	0.06454311830477671	0.03530490301397513	0.0
PD3890a_exome37	A[C>T]A	0.08346796682723243	0.00037392571253364493	0.6678366240850374	0.19040198835323105	0.0579194950219654	0.0
PD3890a_exome37	A[C>T]C	0.029417928956164772	0.011774730150621495	0.8130528012792334	0.14575453961397788	2.496821986375269e-15	0.0
PD3890a_exome37	A[C>T]G	0.8841943762089098	0.00014520010830329548	0.08769806636723113	0.02618890914872194	0.0017734481668337878	0.0
PD3890a_exome37	A[C>T]T	0.043019534802017756	0.01531052339227686	0.7653985474600052	0.1728211662963317	0.0034502280493684573	0.0
PD3890a_exome37	A[T>A]A	0.008769946481062376	0.0019270363974712619	0.8477766305161331	0.14152638660532757	5.880301605327511e-15	0.0
PD3890a_exome37	A[T>A]C	0.01894916023188156	0.01367591229977217	0.8630231730992246	0.10301308804535211	0.0013386663237694731	0.0
PD3890a_exome37	A[T>A]G	0.007385340363023885	0.00030281008274969396	0.8797210466881719	0.10335577221178564	0.009235030654268932	0.0
PD3890a_exome37	A[T>A]T	0.0018567056972705657	4.147270309203398e-15	0.8732457238908379	0.11004211156531404	0.014855458846573256	0.0
PD3890a_exome37	A[T>C]A	0.0034162396089700404	0.00035446350976508535	0.7284640086133286	0.25330170322831774	0.014463585039618603	0.0
PD3890a_exome37	A[T>C]C	0.022324269120843673	0.0002894053569164068	0.8027264805253016	0.17214035048689666	0.002519494510041564	0.0
PD3890a_exome37	A[T>C]G	0.00043937420472865056	0.00010029198308259221	0.7181830919785407	0.27699084778014116	0.0042863940535070805	0.0
PD3890a_exome37	A[T>C]T	0.017991657871435106	0.0008905667257660137	0.7638488765139998	0.210006192911708	0.007262705977091095	0.0
PD3890a_exome37	A[T>G]A	0.0027236539464281485	0.006908382552275237	0.881092614273204	0.10692609327179706	0.0023492559562956488	0.0
PD3890a_exome37	A[T>G]C	0.00498593507155952	0.0032936611328101915	0.8821676795256526	0.10955272426996476	1.2920174490026818e-14	0.0
PD3890a_exome37	A[T>G]G	0.0025992808972632037	3.644483092162924e-05	0.8607170458099331	0.13471387462640544	0.0019333538354766732	0.0
PD3890a_exome37	A[T>G]T	0.0017160916461110847	0.00010560249729684351	0.8568694645986196	0.12946227089650236	0.011846570361470084	0.0
PD3890a_exome37	C[C>A]A	0.0009340774620387233	0.0011414819408208455	0.9488847886479335	0.03891273375436532	0.010126918194841567	0.0
PD3890a_exome37	C[C>A]C	0.004819185741676134	0.0004703030795831701	0.959496110488215	0.02891765282153852	0.006296747868987175	0.0
PD3890a_exome37	C[C>A]G	0.002244660288547927	9.846480128412135e-15	0.8517018175771324	0.145801499608887	0.0002520225254228927	0.0
PD3890a_exome37	C[C>A]T	9.73385974590031e-16	0.0033691172909380267	0.9470657698832067	0.04956511282585199	2.341800786401577e-15	0.0
PD3890a_exome37	C[C>G]A	8.0960598237143e-05	1.3734187238984218e-15	0.913467676315424	0.04090883263531519	0.0455425304510222	0.0
PD3890a_exome37	C[C>G]C	0.0003542271513963843	0.002968120652187703	0.9162604534970121	0.07319460893811201	0.007222589761291808	0.0
PD3890a_exome37	C[C>G]G	0.012986087289247661	0.00329328686464788	0.779524136154856	0.1606977123001747	0.04349877739107357	0.0
PD3890a_exome37	C[C>G]T	6.436886880270575e-16	0.000336565475443744	0.9068910095383228	0.048129915116378194	0.044642509869854706	0.0
PD3890a_exome37	C[C>T]A	0.007388394746111905	0.029253697250239224	0.837814964673683	0.12537067038593844	0.00017227294402738654	0.0
PD3890a_exome37	C[C>T]C	0.0008394806540039387	0.000968886392063223	0.8847087091547899	0.1033414454777409	0.010141478321401871	0.0
PD3890a_exome37	C[C>T]G	0.7311992311771025	0.01894245524415243	0.11771442438763233	0.11420675132383991	0.017937137867272846	0.0
PD3890a_exome37	C[C>T]T	0.0005286503437192995	0.007168972563387171	0.87386019033972	0.1089928682733278	0.009449318479845693	0.0
PD3890a_exome37	C[T>A]A	0.00036118141483240955	0.0037421152434727626	0.9396294889612383	0.052024915374739536	0.004242299005716982	0.0
PD3890a_exome37	C[T>A]C	0.0015029563641490507	0.001710488636042813	0.9589052361254365	0.03472122282837224	0.0031600960459994146	0.0
PD3890a_exome37	C[T>A]G	0.0016543352885240213	0.0013945737574169391	0.9494131992389637	0.044749793293173516	0.0027880984219218544	0.0
PD3890a_exome37	C[T>A]T	0.0013833903903904847	2.1749079186168725e-15	0.951869711127713	0.04002342156830276	0.006723476913591599	0.0
PD3890a_exome37	C[T>C]A	1.5032609673914834e-15	0.0037324228374516293	0.838628104020148	0.15686728236296082	0.0007721907794380915	0.0
PD3890a_exome37	C[T>C]C	0.011096616075712358	0.000231878094432817	0.9066102642592936	0.08075286664906285	0.0013083749214985866	0.0
PD3890a_exome37	C[T>C]G	0.0020109535348463684	2.28332973257446e-15	0.7947360901966996	0.20325295626844897	2.9963466812707647e-15	0.0
PD3890a_exome37	C[T>C]T	0.00017085805946555864	0.00136770339147028	0.8928164457866292	0.10455946419685289	0.0010855285655819876	0.0
PD3890a_exome37	C[T>G]A	0.0005337025713229874	0.004217112255632516	0.9256176345983571	0.06812741135607144	0.001504139218615912	0.0
PD3890a_exome37	C[T>G]C	0.001967774138713972	0.0026372171407714863	0.9204779974241548	0.07485376611976229	6.324517659728785e-05	0.0
PD3890a_exome37	C[T>G]G	0.000791109341477596	0.0013708378443911757	0.9315614608298065	0.06627659198432133	3.315264926636075e-15	0.0
PD3890a_exome37	C[T>G]T	0.0015203311636193123	0.003308386277474442	0.880441348708505	0.11353766104843399	0.0011922728019671416	0.0
PD3890a_exome37	G[C>A]A	0.012917918200631252	0.0012918354171242387	0.8211589274738494	0.14588473113200925	0.018746587776385843	0.0
PD3890a_exome37	G[C>A]C	0.0020136175364767004	2.427989056498037e-15	0.9120237466554678	0.07949010000775057	0.0064725358003027015	0.0
PD3890a_exome37	G[C>A]G	0.023251360787905927	0.001009228650140014	0.7979000915450912	0.1621438102312188	0.015695508785643974	0.0
PD3890a_exome37	G[C>A]T	1.4568993049247726e-15	0.0006132478987545829	0.9204578406894469	0.07795791742437806	0.0009709939874190329	0.0
PD3890a_exome37	G[C>G]A	5.02429376137862e-05	0.0006281676975905074	0.937431078809371	0.042899620555276075	0.018990890000148655	0.0
PD3890a_exome37	G[C>G]C	0.0012400502177914317	0.0036175445599033974	0.9191970531263846	0.06719446943454264	0.00875088266137804	0.0
PD3890a_exome37	G[C>G]G	0.004429130165913776	1.0906384122639714e-14	0.9095550704583327	0.07047946845511609	0.015536330920626545	0.0
PD3890a_exome37	G[C>G]T	9.883180251741217e-16	0.0010888073655454134	0.9178852449101417	0.05210894821548189	0.028916999508829914	0.0
PD3890a_exome37	G[C>T]A	0.015484246568348096	1.4255295936584651e-15	0.8056622388210394	0.11835398170429856	0.060499532906312534	0.0
PD3890a_exome37	G[C>T]C	0.0004054113491400617	1.0331873283580236e-06	0.8247682436315773	0.16510220686599883	0.00972310496595526	0.0
PD3890a_exome37	G[C>T]G	0.8812189793446199	1.652328958222328e-15	0.030065132082840604	0.0869774175692714	0.0017384710032664794	0.0
PD3890a_exome37	G[C>T]T	0.00019697492215360216	0.00047397090643210525	0.8166526489101398	0.1669336394287147	0.015742765832559874	0.0
PD3890a_exome37	G[T>A]A	0.0007661336766251667	3.8574012905614415e-15	0.9384960040015541	0.06058509161844222	0.00015277070337466124	0.0
PD3890a_exome37	G[T>A]C	0.001160693000162674	0.002160609198523287	0.9480495296813377	0.04580305013453223	0.0028261179854439733	0.0
PD3890a_exome37	G[T>A]G	0.0014380154045509502	0.0006836170298224821	0.9551860369454657	0.04202848763665548	0.0006638429835053028	0.0
PD3890a_exome37	G[T>A]T	0.0014322640565720935	0.0006390385243199547	0.9618565027874295	0.031270369613138706	0.004801825018539726	0.0
PD3890a_exome37	G[T>C]A	0.006287721135622624	2.447785431292218e-15	0.8418540735880976	0.14770573986055416	0.0041524654157231	0.0
PD3890a_exome37	G[T>C]C	0.019848024222431884	0.0005246608452992785	0.8299367190870361	0.14509696906989494	0.004593626775337562	0.0
PD3890a_exome37	G[T>C]G	0.006442027584318103	0.0010799332331877024	0.8454058262920587	0.14447808826899217	0.0025941246214433215	0.0
PD3890a_exome37	G[T>C]T	0.0004249817465099611	0.0001365941798623648	0.8565646466708214	0.14287377740280308	3.1977939271051072e-15	0.0
PD3890a_exome37	G[T>G]A	3.3146304895079025e-15	0.005695481510456632	0.9256179477946139	0.06553630921362379	0.0031502614813024845	0.0
PD3890a_exome37	G[T>G]C	6.159553284152378e-15	0.0067351999066213985	0.9106245457875933	0.08264025430576423	1.481883559169395e-14	0.0
PD3890a_exome37	G[T>G]G	0.002118603077166854	0.00041400761731712215	0.934756958058306	0.05644429306277165	0.006266138184438355	0.0
PD3890a_exome37	G[T>G]T	0.00016923229114740288	4.738890527221225e-15	0.9520903190574107	0.04765949340987846	8.095524155858353e-05	0.0
PD3890a_exome37	T[C>A]A	0.00020284472301370805	0.0036115393143832586	0.36526916302363244	0.04239469816444595	0.5885217547745246	0.0
PD3890a_exome37	T[C>A]C	0.007747190279561046	0.0009542227432262373	0.7246614105050093	0.049120994497045246	0.2175161819751581	0.0
PD3890a_exome37	T[C>A]G	4.184932747356614e-15	0.002934770102275569	0.3728051253428082	0.07552011406838005	0.5487399904865321	0.0
PD3890a_exome37	T[C>A]T	2.358717248542851e-05	0.003235977545213702	0.5634727834772068	0.08913607224226237	0.3441315795628317	0.0
PD3890a_exome37	T[C>G]A	2.3058685660976676e-16	4.227425704512391e-16	0.1937583974481207	0.014129666159378674	0.7921119363924999	0.0
PD3890a_exome37	T[C>G]C	0.0004480656410970804	0.0003993256257831946	0.6311663504661729	0.029344949526122713	0.33864130874082415	0.0
PD3890a_exome37	T[C>G]G	0.001584054433314427	0.0017240477165660379	0.16722188554408224	0.06829012730713377	0.7611798849989035	0.0
PD3890a_exome37	T[C>G]T	0.0012498256101903503	0.0017329405670754785	0.26521298935581294	0.01751898363935976	0.7142852608275614	0.0
PD3890a_exome37	T[C>T]A	0.0009937117083507448	0.879587702241217	0.07263769559249234	0.03179124953181091	0.014989640926129089	0.0
PD3890a_exome37	T[C>T]C	8.94747855992234e-05	0.42791614662012906	0.4494927408938528	0.09653190361730678	0.0259697340831121	0.0
PD3890a_exome37	T[C>T]G	0.46680883145640545	0.34383138594218615	0.059121419879600116	0.11803684142940937	0.012201521292398926	0.0
PD3890a_exome37	T[C>T]T	3.1617887819514004e-16	0.7798359445135932	0.16320341516801282	0.05209529332838431	0.004865346990009493	0.0
PD3890a_exome37	T[T>A]A	0.06056785078193269	0.006972073669401468	0.8265248759526213	0.09948927648287491	0.006445923113169643	0.0
PD3890a_exome37	T[T>A]C	1.4286594483929193e-15	0.002255174175283587	0.947746912009192	0.046406132628098555	0.0035917811874243374	0.0
PD3890a_exome37	T[T>A]G	0.0002705523970956474	0.000887508488329829	0.9134716666397659	0.08098042455573333	0.0043898479190754265	0.0
PD3890a_exome37	T[T>A]T	0.011182545299204752	0.0018676227117721837	0.9101305673224354	0.07607472201555988	0.0007445426510280378	0.0
PD3890a_exome37	T[T>C]A	0.0010369601868725747	1.6622317227668486e-15	0.8706990190822625	0.12804687350071212	0.0002171472301510952	0.0
PD3890a_exome37	T[T>C]C	0.02303720329007177	0.0005418555231571563	0.8605808830380751	0.1154312035266775	0.00040885462201858155	0.0
PD3890a_exome37	T[T>C]G	0.0034463504115439182	0.0017767539384903504	0.8087257913267243	0.18405337728408286	0.001997727039158581	0.0
PD3890a_exome37	T[T>C]T	0.018516676654608998	0.00028062249708943234	0.8373210854321415	0.13839517730357168	0.005486438112588382	0.0
PD3890a_exome37	T[T>G]A	1.995463953993194e-15	0.00027396616468501476	0.9140211224766148	0.08172608747571247	0.003978823882985933	0.0
PD3890a_exome37	T[T>G]C	0.0005502264068906192	0.0012888545961769375	0.8835450236924972	0.11461589530442991	5.35746764604024e-15	0.0
PD3890a_exome37	T[T>G]G	0.004612957331629323	0.0013836427480255953	0.8972412621963339	0.09606049346218352	0.00070164426182754	0.0
PD3890a_exome37	T[T>G]T	1.2995328156703238e-15	2.382476828728927e-15	0.8620866326762496	0.13764719619659094	0.00026617112715579387	0.0
PD3904a_exome37	A[C>A]A	0.0017278092609728823	3.533972293299436e-06	0.8215750335329736	0.16959674394435728	0.007096879289403046	0.0
PD3904a_exome37	A[C>A]C	0.005604752607929155	0.0011367577866979038	0.8215371308162803	0.16817738543503197	0.003543973354060763	0.0
PD3904a_exome37	A[C>A]G	0.0035598476627871057	0.0032865012477293104	0.7128839716808811	0.2696528149633489	0.01061686444525357	0.0
PD3904a_exome37	A[C>A]T	0.004305547550413378	0.0010278512873850407	0.8311894460226449	0.1611365296655891	0.0023406254739676623	0.0
PD3904a_exome37	A[C>G]A	0.0038604469720910917	1.4461138527443947e-15	0.8281568616250498	0.1519218059620948	0.016060885440762947	0.0
PD3904a_exome37	A[C>G]C	0.004328939994660599	0.0014745490326972535	0.8408705477798835	0.14657857298357044	0.006747390209188126	0.0
PD3904a_exome37	A[C>G]G	0.006290987803088966	0.002597999657857119	0.28032663801929936	0.6819068699438228	0.02887750457593201	0.0
PD3904a_exome37	A[C>G]T	0.002620393772962271	0.0006549823849583207	0.8100891099915095	0.16825085235629936	0.01838466149427039	0.0
PD3904a_exome37	A[C>T]A	0.044371678214362754	0.0003388285028669462	0.5104765788613789	0.4193314706947503	0.02548144372664111	0.0
PD3904a_exome37	A[C>T]C	0.01614247418299662	0.011013302181186128	0.6414995043171279	0.33134471931868825	1.1338584199754537e-15	0.0
PD3904a_exome37	A[C>T]G	0.7891035548481615	0.00022088273885777085	0.1125371307936914	0.09682859238458243	0.0013098392347067776	0.0
PD3904a_exome37	A[C>T]T	0.022779867383407804	0.013819238301157648	0.582763958115831	0.3791249545266648	0.0015119816729387565	0.0
PD3904a_exome37	A[T>A]A	0.004825623340929429	0.0018074029297109615	0.6707450667915162	0.3226219069378408	2.6777456543621836e-15	0.0
PD3904a_exome37	A[T>A]C	0.011074568936176268	0.013623909709007627	0.7252352233704411	0.24941882381867658	0.000647474165698551	0.0
PD3904a_exome37	A[T>A]G	0.00432230759659808	0.0003020814615339295	0.7403033357701018	0.2505992973976608	0.004472977774105563	0.0
PD3904a_exome37	A[T>A]T	0.0010759436422081614	4.0965417285710295e-15	0.7276164184730843	0.26418327933865887	0.007124358546044476	0.0
PD3904a_exome37	A[T>C]A	0.0016169103083077058	0.0002859681898714994	0.49575291260659243	0.49667885813916623	0.005665350756062129	0.0
PD3904a_exome37	A[T>C]C	0.011797602165109463	0.0002606943688169407	0.6099632312588114	0.3768765697341596	0.0011019024731026656	0.0
PD3904a_exome37	A[T>C]G	0.00020114689112063489	7.826247426146435e-05	0.4727521511906694	0.5253444466198567	0.0016239928240919166	0.0
PD3904a_exome37	A[T>C]T	0.009023526245932337	0.0007613426393657485	0.5508484288538112	0.436352191709892	0.003014510550998527	0.0
PD3904a_exome37	A[T>G]A	0.0015777229546770843	0.00682124710215435	0.7338713722065093	0.2566034399106026	0.0011262178260566173	0.0
PD3904a_exome37	A[T>G]C	0.0028772141626137444	0.0032397617414246203	0.7319750565931612	0.2619079675027943	6.170312978841959e-15	0.0
PD3904a_exome37	A[T>G]G	0.0014440763729717816	3.4512901660711797e-05	0.6875700014241268	0.31006249163895494	0.0008889176622856502	0.0
PD3904a_exome37	A[T>G]T	0.0009640365340500176	0.00010111970429465904	0.6921293260862462	0.3012979619820592	0.005507555693349918	0.0
PD3904a_exome37	C[C>A]A	0.0006077896241980835	0.0012660417291317492	0.8877760856747094	0.10489676358325925	0.005453319388701458	0.0
PD3904a_exome37	C[C>A]C	0.003190955536625817	0.0005308031566187549	0.9135027834649155	0.07932500071817167	0.003450457123668215	0.0
PD3904a_exome37	C[C>A]G	0.0012258371645786506	9.165829120877117e-15	0.668789280879983	0.329870979060094	0.0001139028953353124	0.0
PD3904a_exome37	C[C>A]T	6.188710732881892e-16	0.003651235262152566	0.8657944719591131	0.13055429277873246	1.2321917333630313e-15	0.0
PD3904a_exome37	C[C>G]A	5.323909001164917e-05	1.5394602013223245e-15	0.8637134213700841	0.11144843124860662	0.024784908291296183	0.0
PD3904a_exome37	C[C>G]C	0.0002170391273694889	0.003099890303465344	0.8072251780077454	0.1857955211968173	0.0036623713646024765	0.0
PD3904a_exome37	C[C>G]G	0.00705305428911753	0.003048857018437304	0.6087627140718331	0.3615834639972032	0.019551910623408848	0.0
PD3904a_exome37	C[C>G]T	4.1773396563132377e-16	0.0003723077384270206	0.8462497966485569	0.1294013971460904	0.023976498466925237	0.0
PD3904a_exome37	C[C>T]A	0.00414738910437811	0.027990718139017014	0.6762267926052442	0.29155506974704287	8.003040431773113e-05	0.0
PD3904a_exome37	C[C>T]C	0.0004906062570675435	0.0009651700430660444	0.7434337312388545	0.25020551629920335	0.004904976161808394	0.0
PD3904a_exome37	C[C>T]G	0.514663618563107	0.022726502226375147	0.11913434882975477	0.33302702590475297	0.010448504476010078	0.0
PD3904a_exome37	C[C>T]T	0.00030582436095331314	0.007069180376040377	0.7268839542134028	0.2612170963394935	0.004523944710109961	0.0
PD3904a_exome37	C[T>A]A	0.000229052874732732	0.004045163657716353	0.8568140095071765	0.1366852628281294	0.0022265111322450418	0.0
PD3904a_exome37	C[T>A]C	0.0009825429041685615	0.001906048432987908	0.9013644199073002	0.09403729361176695	0.001709695143776353	0.0
PD3904a_exome37	C[T>A]G	0.0010626078409507857	0.00152686119584123	0.8768480019012613	0.11908045185962446	0.0014820772023222337	0.0
PD3904a_exome37	C[T>A]T	0.0008974757508321934	2.4050683873667923e-15	0.887922467173213	0.10757024053777867	0.0036098165381737695	0.0
PD3904a_exome37	C[T>C]A	8.070255559104497e-16	0.003415484600826219	0.647354077666191	0.34888736139800297	0.0003430763349789714	0.0
PD3904a_exome37	C[T>C]C	0.0067223300969098876	0.0002394404850722659	0.7897133407624473	0.2026689326252234	0.0006559560303470277	0.0
PD3904a_exome37	C[T>C]G	0.0010121641582070732	1.9589625670729487e-15	0.575163639241171	0.42382419660061893	1.2481139082050426e-15	0.0
PD3904a_exome37	C[T>C]T	9.931706725691382e-05	0.0013551548631985221	0.7462256408598347	0.2517976799351824	0.0005222072745276087	0.0
PD3904a_exome37	C[T>G]A	0.00032901413691956215	0.004431380194123299	0.8204770785153568	0.17399513643425005	0.0007673907193504152	0.0
PD3904a_exome37	C[T>G]C	0.001199751547126648	0.0027407570932276725	0.8069545057280634	0.1890730734331753	3.191219840686243e-05	0.0
PD3904a_exome37	C[T>G]G	0.0004891947890617451	0.0014449072886521938	0.8282785065551547	0.1697873913671296	1.696589568619817e-15	0.0
PD3904a_exome37	C[T>G]T	0.0008715113088414213	0.003232657003936838	0.725696165964778	0.26963404708664057	0.0005656186358030625	0.0
PD3904a_exome37	G[C>A]A	0.007114434858352845	0.001212728687301489	0.6502714170652099	0.3328569843848165	0.008544435004319232	0.0
PD3904a_exome37	G[C>A]C	0.0012218124857791208	2.5112091548024682e-15	0.795707202947477	0.1998207457014274	0.0032502388653139146	0.0
PD3904a_exome37	G[C>A]G	0.012521087603989125	0.0009263856877116792	0.6178197151615933	0.36173789848380383	0.006994913062901934	0.0
PD3904a_exome37	G[C>A]T	8.838713831346351e-16	0.0006341678085270923	0.8029398406438947	0.19593847504477224	0.00048751650280520227	0.0
PD3904a_exome37	G[C>G]A	3.25730733296728e-05	0.0006941732911107278	0.8738615479480183	0.11522245434829854	0.010189251339242845	0.0
PD3904a_exome37	G[C>G]C	0.0007679702736432345	0.00381880614828539	0.818527602275476	0.17240054081439668	0.004485080488198585	0.0
PD3904a_exome37	G[C>G]G	0.002738942566314868	1.1496188020771517e-14	0.8087476839253687	0.1805622923102776	0.0079510811980275	0.0
PD3904a_exome37	G[C>G]T	6.329421269422994e-16	0.0011885759077743256	0.845230662290404	0.13825458760782017	0.015326174194000914	0.0
PD3904a_exome37	G[C>T]A	0.009032328740888147	1.4174067021212737e-15	0.6757440576692261	0.28601742246317496	0.029206191126709594	0.0
PD3904a_exome37	G[C>T]C	0.00021583283189678974	9.375820081723422e-07	0.6313542475430782	0.3641450771070074	0.004283904936009387	0.0
PD3904a_exome37	G[C>T]G	0.6851217390175941	2.1897221268229964e-15	0.03360985128639836	0.28014983600403054	0.001118573691974827	0.0
PD3904a_exome37	G[C>T]T	0.00010478193200777792	0.0004297696430006517	0.6246437636871015	0.36789110214092735	0.0069305825969627885	0.0
PD3904a_exome37	G[T>A]A	0.0004784379314995853	4.106052136869133e-15	0.8427001048861709	0.15674250313944263	7.89540428829365e-05	0.0
PD3904a_exome37	G[T>A]C	0.0007439816533731018	0.0023606394915656956	0.8737666343401316	0.12162958310884577	0.0014991614060839232	0.0
PD3904a_exome37	G[T>A]G	0.0009273307720464747	0.0007514370302741213	0.8856837309991491	0.11228321866137282	0.000354282537157454	0.0
PD3904a_exome37	G[T>A]T	0.0009428567501745906	0.0007170645436153375	0.9104424019494758	0.08528164991768619	0.0026160268390480815	0.0
PD3904a_exome37	G[T>C]A	0.0034319287926588395	2.277335041015714e-15	0.6606955516501316	0.33399681573251566	0.0018757038246915924	0.0
PD3904a_exome37	G[T>C]C	0.010911497553367674	0.0004916480487445684	0.6560419743351709	0.33046492942476957	0.0020899506379473635	0.0
PD3904a_exome37	G[T>C]G	0.0035307191360689845	0.0010088952661535106	0.666231859204069	0.32805188351473097	0.0011766428789774593	0.0
PD3904a_exome37	G[T>C]T	0.00023296986584368977	0.0001276351386328069	0.6751638596859704	0.3244755353095516	1.4507520397559363e-15	0.0
PD3904a_exome37	G[T>G]A	2.052731978228297e-15	0.006012237946210529	0.8242300860512591	0.16814310564835216	0.0016145703541759788	0.0
PD3904a_exome37	G[T>G]C	3.703420027019315e-15	0.006902601979732018	0.7872500116748984	0.20584738634535854	7.373625524648322e-15	0.0
PD3904a_exome37	G[T>G]G	0.0013358915090381507	0.00044497796895125185	0.8475003111439483	0.14744891688418726	0.0032699024938751173	0.0
PD3904a_exome37	G[T>G]T	0.0001080207510748295	5.1559562263884805e-15	0.8738193884496507	0.12602982641973426	4.276437953510373e-05	0.0
PD3904a_exome37	T[C>A]A	0.00016985027890222454	0.0051547010601986	0.4397796494386526	0.1470666012099486	0.40782919801229794	0.0
PD3904a_exome37	T[C>A]C	0.005399276409565971	0.001133573510580858	0.7261829406853086	0.14182684670593634	0.12545736268860802	0.0
PD3904a_exome37	T[C>A]G	3.199376422884097e-15	0.0038243667162557934	0.40980598830728215	0.23918803556601792	0.34718160941044096	0.0
PD3904a_exome37	T[C>A]T	1.604769845950477e-05	0.0037527614489062883	0.5512256080190219	0.25124089007441897	0.19376469275919342	0.0
PD3904a_exome37	T[C>G]A	2.322877947194883e-16	7.258993584984008e-16	0.2806544577785066	0.058968991539788886	0.6603765506817035	0.0
PD3904a_exome37	T[C>G]C	0.0003419067970694805	0.0005193998981516475	0.692515500260135	0.09276826132126655	0.21385493172337727	0.0
PD3904a_exome37	T[C>G]G	0.0013681302476555271	0.0025381378874012837	0.20766821429993984	0.24435162055274257	0.5440738970122608	0.0
PD3904a_exome37	T[C>G]T	0.0011911532921159503	0.0028152080205725355	0.363439892658963	0.06917148521998875	0.5633822608083598	0.0
PD3904a_exome37	T[C>T]A	0.0005682098559879988	0.8573064502978799	0.059721400353028094	0.07531056597833014	0.007093373514773963	0.0
PD3904a_exome37	T[C>T]C	4.978526729127317e-05	0.40585176382107113	0.3596188336828622	0.22252100115546447	0.011958616073310854	0.0
PD3904a_exome37	T[C>T]G	0.28516089846027004	0.3580181263103544	0.05192964279611133	0.2987228527801138	0.0061684796531503595	0.0
PD3904a_exome37	T[C>T]T	1.7725207870532234e-16	0.7451956630345294	0.13155498040974156	0.12099207597383999	0.0022572805818887828	0.0
PD3904a_exome37	T[T>A]A	0.036086839681119934	0.0070807170699082565	0.7080797673693939	0.24557430149648588	0.0031783743830919465	0.0
PD3904a_exome37	T[T>A]C	9.147476284360142e-16	0.00246128129407911	0.8725383445259414	0.12309712483180923	0.001903249348169246	0.0
PD3904a_exome37	T[T>A]G	0.0001635390101114257	0.000914431295377503	0.7939344166720989	0.20279161119463598	0.0021960018277762242	0.0
PD3904a_exome37	T[T>A]T	0.006823625780485616	0.0019425502804644784	0.7985420767003397	0.19231575631586506	0.0003759909228453338	0.0
PD3904a_exome37	T[T>C]A	0.0005813702841522223	1.588513465343684e-15	0.7019050572131792	0.29741281943336734	0.00010075306929964602	0.0
PD3904a_exome37	T[T>C]C	0.013240400158739004	0.0005308397640710467	0.7111850513655835	0.27484923830976205	0.00019447040184451036	0.0
PD3904a_exome37	T[T>C]G	0.0017824621624787716	0.0015663786699939774	0.601425377359502	0.3943706948580337	0.0008550869499914987	0.0
PD3904a_exome37	T[T>C]T	0.010282211772790224	0.0002656162085950339	0.6685518552015136	0.3183790011059743	0.0025213157111269777	0.0
PD3904a_exome37	T[T>G]A	1.2045664557969992e-15	0.00028189825969464523	0.7933460777994813	0.20438430563288568	0.001987718307937233	0.0
PD3904a_exome37	T[T>G]C	0.00031477354574853866	0.001256809075584002	0.7267834861657186	0.27164493121294625	2.536469225269531e-15	0.0
PD3904a_exome37	T[T>G]G	0.0027204925438773482	0.0013909152236284746	0.760846258062647	0.23469988326028118	0.0003424509095658869	0.0
PD3904a_exome37	T[T>G]T	7.179575479927778e-16	2.2436173374774307e-15	0.6848287668551652	0.31504953451113626	0.00012169863369563675	0.0
PD3905a_exome37	A[C>A]A	0.003996409517223119	2.2887341972029026e-06	0.8563065497211058	0.12174081607845019	0.017953935949023732	0.0
PD3905a_exome37	A[C>A]C	0.0129682283941873	0.0007364617100237172	0.8565628711391693	0.1207636722680049	0.008968766488614823	0.0
PD3905a_exome37	A[C>A]G	0.008455384682545574	0.002185716295648738	0.7630072299148702	0.19877026980216872	0.027581399304766687	0.0
PD3905a_exome37	A[C>A]T	0.009973248937500404	0.0006666480068195696	0.8675931914841762	0.1158368628329274	0.005930048738576377	0.0
PD3905a_exome37	A[C>G]A	0.008738847653007224	9.165941786097277e-16	0.8447671688840985	0.10672869590449342	0.03976528755840002	0.0
PD3905a_exome37	A[C>G]C	0.009916877667185369	0.0009458246751115027	0.868021288989313	0.10420975883013926	0.01690624983825081	0.0
PD3905a_exome37	A[C>G]G	0.01670693457436526	0.0019318573277608932	0.335467261000879	0.5620144812678926	0.08387946582910241	0.0
PD3905a_exome37	A[C>G]T	0.0059531680604831315	0.00041664793714320253	0.8293201621069829	0.11862695121184165	0.04568307068354916	0.0
PD3905a_exome37	A[C>T]A	0.10259257383782198	0.0002193552528850598	0.5318556011890957	0.30089296892417366	0.06443950079602365	0.0
PD3905a_exome37	A[C>T]C	0.03926385682578096	0.007500642109340288	0.7031160758242543	0.2501194252406217	3.016475153389655e-15	0.0
PD3905a_exome37	A[C>T]G	0.9056004830279973	7.09777872073806e-05	0.05819776808667481	0.034486631433548395	0.0016441396645720662	0.0
PD3905a_exome37	A[C>T]T	0.05575566579604865	0.009470653599775702	0.6427444640030555	0.28798157167309896	0.004047644928021278	0.0
PD3905a_exome37	A[T>A]A	0.011836064489253085	0.001241271876060061	0.7413430749193283	0.24557958871535135	7.183585935488361e-15	0.0
PD3905a_exome37	A[T>A]C	0.026380155709905293	0.009086786243358083	0.7784617141691283	0.18438443728876708	0.0016869065888412832	0.0
PD3905a_exome37	A[T>A]G	0.010274942740493708	0.00020106933674670442	0.7930147989746563	0.18487922023459347	0.011629968713509823	0.0
PD3905a_exome37	A[T>A]T	0.0025695240584543175	2.739293576565293e-15	0.7830211638497315	0.19580014228831374	0.018609169803497763	0.0
PD3905a_exome37	A[T>C]A	0.004195081571110983	0.0002077448362999526	0.5795989633747196	0.3999214198302415	0.01607679038762805	0.0
PD3905a_exome37	A[T>C]C	0.029137258216055794	0.00018027878287025742	0.6788384572137057	0.28886743538098686	0.002976570406381318	0.0
PD3905a_exome37	A[T>C]G	0.0005320395909049809	5.7961849054910244e-05	0.5634715401140739	0.43124024440801745	0.004698214037948776	0.0
PD3905a_exome37	A[T>C]T	0.022776600245885653	0.0005380848919615508	0.6265454410972409	0.3418174947968583	0.008322378968053483	0.0
PD3905a_exome37	A[T>G]A	0.0038012827205155834	0.004601731138016017	0.7967594429952242	0.19186970720156427	0.002967835944680024	0.0
PD3905a_exome37	A[T>G]C	0.006934604499412259	0.002186354654960878	0.7949752998027177	0.19590374104289285	1.626577524803334e-14	0.0
PD3905a_exome37	A[T>G]G	0.003535215976938614	2.3657306372864707e-05	0.7584912143515119	0.2355697565410775	0.002380155824099193	0.0
PD3905a_exome37	A[T>G]T	0.002337579954306593	6.865415148784763e-05	0.7562546853458684	0.22673245334222655	0.014606627206110646	0.0
PD3905a_exome37	C[C>A]A	0.0013828226109173511	0.0008065276153423763	0.910174110602027	0.07406615350054066	0.013570385671172655	0.0
PD3905a_exome37	C[C>A]C	0.007197020176778929	0.00033521504000471035	0.9284311178690526	0.05552474385860639	0.008511903055557173	0.0
PD3905a_exome37	C[C>A]G	0.0030260696836719213	6.3354275432026145e-15	0.7439492151803403	0.25271717700524066	0.00030753813074066503	0.0
PD3905a_exome37	C[C>A]T	1.4336300648090891e-15	0.002368289364303716	0.9037734321389633	0.09385827849672845	3.122002691582573e-15	0.0
PD3905a_exome37	C[C>G]A	0.00011805896845913228	9.558612539663148e-16	0.8630697086579376	0.0766984931693277	0.060113739204274624	0.0
